1964834936
1174774566
2061856192
1457034089
1679136569
1792335498
1847683688
1861922554
1705559497
1173766257
1486035550
594972946
1541915921
1369675036
224373467
402764884
719618517
1160872215
1504805125
534002440
1796743014
713815370
265683968
1021221757
566335370
433378453
1025666488
1146715522
1913055622
1698445121
1575654370
595837298
1731897457
234811858
806635451
2061328877
2015154571
455695547
883248514
732078765
13191453
292074612
544108988
1318013391
1080660041
725035947
1950203978
1312642270
584531681
1265922799
1984913540
547504719
807576024
561618144
1113831882
628782882
653507707
1055144692
1433108481
1728617364
1487150506
1235228943
660169194
1940515727
1660545396
34614154
1902476371
161380070
1135582885
1362590121
1193077567
1148302765
117039950
45220650
670067075
351940964
1285399021
958217740
1327000736
1667547542
1857837297
717166950
1933379689
168245290
757769483
853054007
106073755
594793279
1493555714
933240033
1345776190
161903549
1768094801
234066661
765601623
1182669636
1012838383
1554819366
180934928
180601259
799884992
666136941
1963406212
1222221351
1853202923
616605785
793024635
1105368409
245382165
2143242492
2142082840
1807148483
1644608183
2031548177
1060215487
2122755437
377750685
776637184
387768415
1619619771
1715815791
239542057
1437207755
1251888226
1341536757
1526266331
1753264897
2042163055
1537944484
1027118188
1452985656
1846958628
115652910
528884358
368733679
128098584
167768014
37322881
1190712204
1332633641
834058037
724455327
1923273321
1449696700
1359365672
2070611407
545991962
1502333723
72201941
2129777177
2144055170
1408494056
55035994
837929899
1876853250
1443786817
467553927
576689942
409394375
677526453
38796449
1091959737
1844778140
698167614
839811856
305745950
992955113
393875059
1863053502
1314990774
1790849496
1660245716
110265852
53181354
894384069
771254572
1037119623
901747554
1178214752
191036408
1585200812
1342712269
479480458
1821536428
216911374
1523242901
553024872
850341483
2058197108
848810157
402103182
1817301884
607829052
1448469976
270116418
1976873277
191974594
2074767776
1200324739
653405602
1527235041
898237258
95304370
579245588
963415972
1665618794
766931764
75533038
1322908751
578086287
1092436561
598725243
1765641343
862637727
843598028
812317585
204776514
246753285
603603947
1884705495
799251563
1026802088
1705386362
1117470664
1041708048
447464009
977701390
937876047
1057753214
1141898996
498780561
2122477519
1191516253
1540156881
1731197027
197074783
859027470
1551778965
130019363
799108969
775189125
1432611392
2081457961
1430049507
170118686
481111828
1196456329
1418415376
970877562
1668813852
406682833
1340018134
383169228
1303661638
884358567
906073601
1540741696
947397604
709775263
1552484776
738821764
1520250530
1605090909
1089025789
2124562788
487130553
579821026
1215718466
1656205156
832624585
589229024
1636713389
809411869
287921408
1889765541
1355236574
298973786
1359826448
309642816
1346638512
1211430338
118397567
469908456
391561294
1076020676
200788426
1096956741
1653175625
1391918605
196703059
633136244
2018162741
1434651693
218385329
958000621
1838147751
93999577
1523972008
1815694705
1898649224
837578614
1393860929
1273291140
2126605872
1837746691
1666733692
228278168
1855471240
1993170020
203786691
1493869311
1528585207
462380862
783075911
2078869001
1470531166
1909780558
1126330530
1672811322
2041920338
451217619
1107202658
1989547839
95314307
1088454288
1145535524
1863588965
1126087625
2082325003
1491083813
1689947772
675673314
1910997243
276835580
547440713
524333540
1151922535
53723231
551856461
323943037
1729512290
1592834185
404241371
852926228
507306221
1058455161
809607016
108961935
1105944352
176710483
321598037
1473941157
548509444
1198352881
1020074796
233141668
175744155
633864947
231612804
2050866988
1981802385
188104072
989585668
885572132
1886786302
1998887790
1337888709
707399523
1549327211
686960353
1740532979
252187292
984883604
1011596182
1163282454
518571613
1130364754
384961239
790126777
1725560913
1287550326
331196637
327806955
427227702
1487561942
1999754769
1847326640
779498778
241438286
1409162372
1279676087
1388396810
1922215661
2048831306
405997239
610998613
486532285
811230101
1205809899
445642567
814666645
1786647797
1049325152
927599244
1529880426
1638255337
1331828341
1625795677
311697384
40191317
1657352659
1993912732
622039727
1222939340
361114677
63309760
2015697862
1784177794
2049661421
1617208968
1406762535
2040973161
1400778600
1092537385
2030180098
461266514
2047942379
805600246
257195297
1542406119
1212856750
1696201312
1610870948
253799111
636502331
214966174
1333857673
968724722
2062083160
1263394211
798087452
219127901
406222065
1558736295
1329563719
290284666
1389102083
1851925347
1744229726
2103094764
1793154787
377318587
373851590
1746636643
1650814735
1891453769
1519986661
1216744856
500129873
102559079
358023560
87973109
2081618457
1855221825
764053436
1039227430
490187368
1136444587
140586080
489412791
861208337
1957598405
1476707887
410936382
1145421701
892876626
473714178
1581756174
987110276
420411332
112114676
1541028808
853841248
364461636
1013811735
1436519224
856327675
905174363
952317571
847895257
313671568
936832003
1319631268
112220620
2083823408
2124270361
734581723
645435970
1165007788
1033010911
1439153220
699761864
991789005
34942560
674007436
198328837
1042477798
903822513
1092504734
848652490
23951712
1892140496
775916687
1096490505
1019175110
932998714
474425668
1459543393
1092323380
1840412346
1321146112
571055976
1917293908
1224684365
1148486861
1803157440
1825389111
957982668
723007997
1537873530
1982372708
464929279
1196104725
1328186127
1279395854
791903908
907989596
1262917168
502074739
559814382
1340060262
330711047
203400298
1557687178
983434428
1995527852
1549410417
393254215
1523008206
1640548143
1686192532
582196814
851235281
204245324
2025158640
369833245
2109150244
186421193
1618864384
1147362540
1928337236
806996459
1003801460
1707938504
2140791540
1509403558
1404377668
1226249911
744194577
875400054
1694454672
1992870118
1254648929
702826860
1927079027
521636802
1127984659
267449439
157136061
310263889
1812185750
2015762628
642786694
1198934913
176868140
2029173746
1806643849
1608264793
1876795665
1022189141
1809165524
388710919
1063866397
1199279270
110633179
1074578585
1930746366
1361916877
1984930969
1866359269
55517783
202314093
138692243
2011180287
558680784
1878277240
112691637
346748981
1877533867
1361489521
1995292389
1329494683
488569640
260991132
556493202
64485704
922504566
1433664757
383389490
279547923
2001653330
1668155550
662152534
616014989
1574279799
1500886280
256132020
1404340441
875419980
257209805
432680979
1836748958
1294214564
970318742
1965407306
969787504
1264232692
67967631
2042435219
122765482
1218875935
945127945
1393613641
2047192559
497584938
222441084
240231544
947618373
868099515
2065399711
81392924
1801683533
1371469293
386234808
2066106380
1300449397
14973801
809423526
1947035110
306798164
127226833
1892901806
1310949672
1101562430
193881389
459604597
1522029725
127447636
532299556
1942103743
190054220
388794061
527217599
262099526
165157925
1670917964
1456047115
411067723
2098597616
2075164527
992887947
1090347096
481342070
1485126879
782190540
1613793899
1196602200
1252202531
197648607
2094689205
1323059622
1962555631
1541584958
951739603
1443569359
838900988
1833494992
435183293
131033559
178247592
1143612173
756281213
933226259
914887126
1620790831
215190344
1195483780
2008288635
515973518
1584625631
294408425
1739651094
1213762876
845797404
2133207417
1073084372
93440250
1118455829
10363140
1810091324
1648176070
816816296
2000383803
1881174421
1375293405
935564111
154197270
1908292198
913224088
1631779931
1920162142
1587232595
795249595
456721225
833270378
182533581
263370678
935190764
1144685143
969782873
17953299
2125183956
1000923221
2022638925
1951154692
703933686
180726932
676921856
1593799452
1848815817
1274725192
728105537
69137668
469599411
151527753
1280667268
11991923
1407551084
431692053
737983505
145516670
1334327532
1657913637
1317999741
660208749
1980891385
1544434296
1137512923
637052952
1001346381
562715876
1532569332
2070495594
1293482570
465563726
1958548407
193722637
2074029241
122177471
341571089
207182358
665774941
545828749
1523282469
772161694
186716991
1717874626
1601845770
354648179
581274692
462224715
1900542150
332157931
1642529031
308894396
137619798
1756718326
1226305398
2124657419
185838507
1187024806
1248668813
491091061
2069689181
936629098
859446593
1812553411
1414299399
253719548
637448309
328834787
868023017
1098622914
1694452551
497897967
182522292
29083285
286786157
1509937380
1193348160
1176687866
836223136
1429270531
2040130787
1861252027
1588757030
328562241
570566029
1062879745
1309186709
1074708141
1910170959
634651164
1447358716
1857646249
130666304
1158945474
841609199
533163449
1150496753
1209902480
1411445347
721468157
1199781219
898348453
1366090146
1005244097
1168141638
760695557
875612580
752077502
1308059711
963269361
454754810
944226401
1981236671
1379803873
1565499177
226888063
701026621
988094135
1955516200
715023816
512800657
600346678
1832528387
463363486
1210338127
1517356477
794534550
708016007
1017597504
2007000425
580315080
1281625270
2044860543
269626000
713938219
1685870812
58604984
852165761
1708054293
2072592923
259829891
1687450123
126294897
434806866
1731988835
984850471
1161014634
955917520
1872554699
1917530473
520938314
804023116
718280599
2010631748
1978965028
546829223
1706044825
1189686845
1064948465
1295434468
652601326
1347073590
1970025027
849485172
2117065707
767136700
559917365
360120133
1285737651
2101790570
517492069
2085858483
1575409090
1569382847
2108063859
1938434626
1462794210
925346889
1789409704
1836686485
137128776
923308766
1425220438
917022140
772696074
404132617
2079968599
1888398779
1367347842
1177793391
1721376818
677915043
2026210949
1016464632
535223548
4880170
1213412706
1088104048
184564898
1946673051
305255020
1749510961
960665708
462247569
613574924
322319165
755425185
61578347
306143972
796397590
560899427
1137385729
884468838
893683911
675972299
1981424452
1004834749
403446491
1364933959
287499387
350728568
1178423745
1822169212
1384853419
1549336491
48164095
1318998058
434501345
1723747323
242887831
1551880601
606197658
936202490
75653894
1461855573
463648664
109779542
1540902879
2067501023
1355500348
1242510497
236830663
1895595873
645993381
388184392
1639551823
1654562498
738408757
152262230
616866374
1194840199
451239056
1916538507
1269839879
1535123268
1586464912
2090174021
878854467
413806273
1789504060
533574999
720324782
1214725194
2074693537
1285172916
1874250437
1045897498
2040181819
270028991
862716991
1492125651
797008408
312715424
221947983
686083007
370533890
794421648
2013667714
1144769095
314609860
1373281973
2046066845
320707771
1475329863
1615492656
742926326
891358277
1534244862
1194830772
17936800
315716178
944124257
1667400186
561987769
198186901
1476203030
873173988
37531150
2034829900
106463447
1695167084
1862631322
949569275
1021451588
1243389183
339726398
199051435
502160102
994013915
1707083235
167689494
1908151767
771293634
328090394
1240267004
2018399836
2125468721
739687075
619234883
1871360928
702517386
433265007
1263354128
1381457453
912767437
738043069
1256267585
1176008207
1882910075
1037730773
199100715
1385068850
321307215
569205667
1131476086
849514429
434052109
759051130
1997200593
297152068
1916431109
102963113
1776117860
151006690
1381680423
287224904
1779019037
98016671
1863622812
1438875698
1181634281
1601374675
222249791
538961784
1998669632
413945301
1539287299
1929358878
100056386
1445202581
1273511239
1427877156
1517732415
1777558394
304115428
194931339
1676020068
2143188522
1872789887
776946754
505142545
1968056895
1465489787
2107636974
1286662984
1062155700
1545490158
1748270996
34005076
109181978
1182631509
1428685431
130330260
863251588
1460292171
1961994656
274022921
916911280
316861406
193829954
800432956
1183425668
615930126
978483440
1481393200
2050729635
1442485432
1393227195
2014456297
1889268810
1960882258
1262776375
1381559162
1403016030
1899416499
1142180032
1654851986
1232240638
1819669570
2137638501
876552119
720971744
25996047
1293768631
553553946
301452933
1832161036
1992547620
130231922
1486412764
1603659091
1433926495
1312304678
1510369365
1649980410
1884001116
2039987681
1168253805
616692385
1710965364
70817980
1867929497
1826707323
620487160
1295000111
95766768
759290546
2100748038
1358011981
657725066
1509449040
176377648
1006143952
2034472069
328646198
979778211
1376716961
883045969
1020505524
500254476
1444180694
1412573985
655946224
965917924
249205158
1441546297
1596510001
1647716593
1749084417
1336625756
252955121
2060031726
451247823
1307825787
89542303
927078936
537191355
609358248
994424172
1458184546
1110513413
989795455
1046664684
881445567
786113753
2060941459
1005856788
569152066
482204266
2056654897
1122144490
1455620528
1959176278
1808691646
568176579
261241388
1649236645
1200781629
700809920
1127984637
1278519559
2015739688
862090932
575278822
843179855
798454210
714864145
1404051288
1417569478
904421988
1742937277
1669068230
1755239564
1401313528
1109685277
378761223
1375684795
968385084
1937449621
1650615717
1636696732
1296174269
1131437922
537037952
1364506978
828378649
1953475205
1039166633
2144763959
1556732206
630003912
14200754
2114242381
1945720826
62471587
1611745056
845713707
1570139030
688581310
959525970
43710181
972716374
170097439
147071617
1262211485
1403260911
110560540
2082182115
517553921
2078412444
945769929
1180064427
73433608
1528064228
1739725998
982597830
765007712
1790454433
231687557
1156845158
886733465
1909328148
393036447
6337953
1525037240
1122579490
1437694011
1012299436
754374880
122308678
1675871752
71013082
1902073077
292988261
739446113
1093559188
2137399191
446848605
1264564300
1115399624
1926598978
1955323200
2050496095
949690653
874276621
821264671
225135721
143245692
863137353
1787744916
1305508035
949834083
407413788
12263933
716665205
777377170
84955755
1408156922
1332092618
376079900
1920917011
191412249
1033205542
490878620
752195939
1943272960
1813355997
1047097412
890348183
1004917935
1671562558
1144542006
540162565
600696552
1337502963
141794544
866577478
166465932
890067567
1614744645
1987922790
1244480071
385702456
1721627541
847644513
1127637267
249683037
535106039
1973566885
689872541
476527868
1183901549
1335986402
1248738993
578547295
1194353070
604432673
1535296023
291135336
1623731567
388937278
224251551
779914698
1506082322
1797960278
656148266
1254036355
1174196956
1224166345
1904715814
76441500
627268261
1204787213
143327796
863061328
1248504281
1957895467
800047580
1352104343
525154524
1097828965
506949945
419188490
84138048
1020366973
20448330
1617880006
610285179
1041209671
168319683
1429638686
241436182
1412672971
9156090
1301713279
1279223538
95500762
1064981359
928661400
1260153606
1061174196
915814084
956429473
1316764442
553520890
944006274
954566499
818286897
799610084
205165834
1224904698
1493620828
1351206035
1598838528
1649108023
486633330
1563946429
1261263014
1887809903
691311964
84074452
1282836549
924905145
841888148
513565983
453600925
830981906
130070991
246762907
1705953261
884183097
4584279
820382485
631818203
771990711
1848739464
1074481627
1220008159
1486193352
1024817558
818523072
1161518527
1567820805
948295768
1417776094
416308421
432997387
912611076
845536991
1410440357
1859605802
935270390
72120351
1911996363
656491539
2042961996
337362422
165892964
467604713
584269648
244694684
194740579
149924070
502856099
180359013
702244784
1811410506
1267143692
1170145267
1317377149
1390617327
702408621
605532745
1202801311
4734243
393913760
1561966307
1372109271
606440440
569250370
180499123
792406110
1855376935
1038694277
2131707675
194060957
1902932339
1201284606
1343223012
342633544
34332795
924392609
589132323
1279327223
2012173650
693121639
303378396
1001915107
549157321
90811412
1620425952
1115000221
387396846
1775465619
1101491602
451851680
801192573
1552753634
1821166079
244088319
683638934
825414916
1274659013
378314058
1718170224
1730203896
535268156
44836086
1799214327
77648831
1740453935
1330942373
916494383
374728111
811345094
612462912
2035342820
1456710719
211474880
558987620
387757131
1935254391
1403075935
171722709
335567508
2084703631
1890013160
420069767
1792169454
383721107
1667808487
163694880
1043635306
1132440711
315759526
306239772
51895852
298383617
152354570
1096691990
135894901
1806789470
560423839
536847551
163674523
961376733
1307811897
833259853
1455316016
1199005752
604621700
307598205
713473551
1196819901
2093649881
121301174
1433638341
186297568
1768771886
940819866
1188883662
602833287
1498250783
1246157076
271044618
1918759648
420376482
1787992695
1486806493
1526887688
1234134462
493087909
2091713336
943423889
721282385
1240222643
1090273701
1534404670
1498688802
1522171061
1307876519
1800687687
1997914487
1177813052
1846390305
519564322
823198998
2094531532
339755345
1555528626
811389840
1196930172
933797429
1091841688
861252776
594486957
129907873
1344817774
835246739
1291531972
2004661818
1560433543
863022938
434981567
1086787655
719455146
786148389
270461688
56882963
9798844
241103480
574728225
974942222
1534582691
1100298438
1533892434
1094900096
2076049873
1706768446
1399143197
2077641922
1729807907
932978108
1786763524
520707599
1339056089
1627877820
1950952694
762946924
1222606101
1929384637
1729543334
337952712
1294670832
161913921
2024688645
156120792
678583307
1581394117
1280920863
1178042841
961866315
1505904237
1535110118
190678519
1049166755
1548756653
1196178094
680666249
1518065295
973533247
2135115283
277461434
423345810
1457095732
1489964268
1014372672
384799279
850642460
1826664623
1587465746
1546071860
707369114
1454032784
1609402526
556378103
1805610789
381455170
935506833
1257131356
1871405843
419234873
2038758738
1150968783
1518878546
1909049017
506510056
2108045842
773275127
274046818
1036529820
513278211
837798137
1533888236
1850063702
1014682929
730361006
921790897
1131145991
1352390377
1068371427
1342994019
675206016
1263955030
652834333
1945416724
1256947856
1313647441
2012702423
366627543
511979895
6290702
131063722
89133112
1149452181
1199317793
193611774
28332717
1062144795
1485431528
1715114088
1307773235
1969930596
431565011
184552734
615771220
371164025
619138924
339906010
357090016
214581183
509168572
382018798
28006445
2032867526
1759187382
307529841
454468090
403824407
1576796923
1609268018
432712516
85739564
476417289
825692355
1421553983
1708831999
1238809973
42416185
531218464
595839219
1534605665
455458866
74578693
1449081580
1375648572
1608688133
513464583
514299065
228668242
1267342392
58788128
657898212
1852317546
1099714152
124415240
932883695
1932961495
1601673487
622148912
888262411
1624289825
1419479558
743149599
1958066258
491949300
2070715170
276416910
2120485128
2134080877
307754005
781978777
1561478958
1093808634
1240705036
1912738583
117232743
960321210
1475328608
1974141000
476868852
986315784
534864404
1987162114
1839908205
2097381894
1773451916
571613083
1462089345
438523836
1811369836
1621489861
1031671693
1497406764
1082094321
1295642601
581678914
1395497951
587118194
1770526133
1476532048
2119794861
1048084733
1546397643
213086346
1489238078
71267639
128465691
1693553789
796742960
1948599264
549240894
1808968264
1175521226
145199451
942189719
1606351565
562847738
1177282884
1841050846
420195088
406053286
1643694949
1548450437
125928551
68767864
1425968663
870301972
1406653977
1705081782
2013365937
1031382322
835804583
1197812646
1374179513
1151842627
603066699
1152838859
1417218276
1818577640
176105766
948778686
1776550341
1349427962
1788272095
1176977455
1664786740
1502885075
1962074460
445903397
1234117062
699605172
1545113710
1389461735
706022397
1643729548
1035682042
1000741724
1626143631
393680622
759161400
102594944
458570691
898548121
1007842013
263223186
159246314
1706884499
914705054
1816870376
832181715
1167597449
439528657
709331420
63987156
124187318
1569095027
875752747
1892414977
1832185831
1837124962
748042810
530881482
1969090677
1023124667
1071092533
222453927
1008805929
1151725744
897662623
763357039
703998294
91737258
922396133
1763229301
673268411
574569528
359198129
261616837
615946786
1152318850
2063925885
472823422
2052962255
821200249
1057963089
420888732
338416631
260180085
485519281
562346014
1045768450
654243004
1690813185
837085433
1472343210
1799181903
1297031191
355657115
1143002756
956287493
986338997
1094498750
629813027
1816037576
15468389
1176882689
2129797016
416865985
758466771
1773875144
415807352
83816142
2029027092
1764400696
1999853955
927090796
1008439567
1943317869
659822844
1931990331
1391790454
1599833893
463564626
313576835
1817685729
1988047268
795451805
1232743797
591080871
1621286231
1128613969
760548227
2067279480
1674855250
550762010
572641975
965230261
1013010527
325337570
1629672840
1639141605
733013977
1495189751
1086104576
1707774039
22761323
1821352449
297115925
1745463911
1015943223
1015245649
708630968
1001296939
659923280
1782694850
710177511
608756766
1724484578
197408918
1949413701
1774910888
32446945
1816585292
1767078485
208760709
145287368
1771053434
1739037529
519480683
353533240
1036905248
1442195721
1119630651
1417411358
29548295
649137997
873455342
1452106379
402064896
1617473572
916274073
1339008241
1165394909
821580726
1891558617
2035145913
617224723
676177441
1227761402
1374790428
1701604651
1387709782
1083014946
1455211149
1305977961
1194558664
1245743606
1276597166
1620518844
177932659
28242044
1756324400
1700617811
786714249
1197230710
1200595453
560946386
556031726
109699097
183858937
689619481
1509872237
1061446059
1808806198
14184220
2037896498
1475040872
709439954
895126819
919244386
951055100
901839659
87382764
1220075208
739702478
1800589300
1716194608
1927483079
1443336862
1169661316
425975790
820915327
1001073215
176747592
1470515456
1092243621
1798868426
52964418
2092700514
945074746
343313538
1515717569
809248146
320686375
840530020
1298451546
1563233006
1002465431
490698129
2026492162
809722172
4236493
645505146
1386184009
46457237
404477975
556439801
1047947125
1823581498
2137591226
44724543
330399554
1054398354
1083439073
614381482
1512290910
990455948
59834723
1845687392
803869233
262185456
1677445863
571733203
1935036208
1245412717
596405636
190862574
536134383
961294566
784851761
2001154695
528353166
1544396126
5643417
1539138105
1189619769
507469791
217145935
628014100
895055156
648480320
426615485
1381866345
1670631113
944723162
1257984022
1655909420
440598296
1446161307
1321223320
425371052
500210371
706512145
1075371780
560054487
955373034
374522599
1497099984
784608482
1856294187
1606568550
338923584
2120649984
860121202
612451407
800216440
1593292970
1280550504
512745988
1532965803
1525314638
694696524
1781832594
73567320
1823905201
39555703
1903886203
1036453081
1843482579
398295569
1869244786
1516017167
2035794009
1160804122
1344610727
312552090
639712916
391265609
1096970365
347781345
1258779256
1585852286
1688171940
1451853999
463096042
674637056
615056089
292117012
2035767598
1756322364
1872778295
527323919
1132480658
301460824
1416015782
872945124
572948148
1040501071
1323994282
1861511372
1705523456
2078618877
823129278
1503301389
1279571077
671619909
1340677653
1387259030
117121280
221282386
1221820206
160091676
2101237523
801861852
126870315
1691668117
866230395
964150833
1013712200
400647611
10066416
1458524123
1943209551
73122700
1066587436
1327528990
1362932988
1788764226
2107316578
1765323973
1241916219
1188299909
1366406896
1323447064
607504029
1320276060
2024119121
1590972851
1865967717
688993267
1940763439
599290126
69877164
617600784
877109631
186655889
145676170
33041258
1097737149
1269735512
686895271
15828903
1790924202
1114937092
1835208469
1272567459
678149344
127162875
1893140073
1022580382
814648722
2087554122
1417392306
812986938
184183008
796028496
227332804
1148915665
1077698995
2002367135
329475098
1999519751
178612076
1845228083
865389158
108351285
1819261235
1493455657
524210168
1805614634
1649063006
297181476
861361008
1279689316
1924437335
1994339394
627392026
804569787
340644131
131388283
1185780672
1527530850
207717631
99328250
54351997
58780814
476713857
652357088
1691551919
4988426
2055518745
534815723
2066833361
707463512
308898492
1554320876
153783024
1149906216
1003509407
247579983
1119758620
844405273
1494577046
1245710204
1219146214
1581159301
824485958
654803558
1954398715
1823248910
218723141
269466969
1659072652
23797041
1060610148
1594800278
828063706
1224346471
177914335
1894929901
622602749
772309438
1857466236
2066802456
2087846313
227355299
1565034297
446281860
1079498332
112206672
655461268
1802869072
2133945191
587616828
1923745838
341007725
1720811917
1993227572
1716580288
1462280053
1036595102
522394168
598883734
1024557594
503328667
1164805887
1598505593
838267971
1647985243
632768717
1568727756
438886330
1813008128
446833560
1715907771
488143584
1925787664
1277719794
940910221
364797677
1986241486
1161814466
493771715
1699776339
1178032286
1407593547
1065021355
1302633255
1763087110
405710191
433270956
1723529301
779605929
1970988646
2010304933
823145332
1050112376
2071823282
742563198
430321515
963173353
1801854943
1179181849
352593775
222472563
199046202
2104156474
1659654535
1984261299
676508454
1894083635
565386220
1253234007
354378106
1552389850
1905168632
487236390
801243609
1771795651
1431563674
1436973497
420309337
1782166037
1505867378
886012971
609546022
1312439662
128508490
530735476
1441430417
830360573
1872133127
1801455144
728257191
1532630801
1812206072
1954406869
17823185
25880247
1995945575
519252423
1822667777
496169408
1429788539
1201760042
333734896
824538955
1923349518
144624829
1337372299
972644618
166604140
616365816
771646944
288950563
484954862
1698871172
602960913
141178339
1201383207
1463046517
2073797700
2113479005
1513293535
1793577919
1408077850
431057156
15189717
192464547
1892269038
852217072
807810067
1753583498
797256606
251493327
1990515088
329043483
94630056
2078459810
2043165605
357222431
157883753
913629703
329845719
822326385
168859667
702059048
180336589
1718469439
992029015
1364977956
202026608
1466283712
2978012
2034069451
506226262
1260408863
752768754
236231814
1802297232
1474855334
2044552559
753757953
1307125122
1298967493
820707685
2120013645
1826615707
823762362
1287649852
1591044816
1911745019
1049450620
1030663315
581740805
485738831
463031966
470591001
1369434323
1350632161
104091857
619198308
2077321318
1349135308
1226357530
1273660963
1985445710
1931699183
501453142
1195441495
2093561625
1407441035
1689601526
2075905671
333762709
752448607
1662371210
1812664316
1610691642
1922257562
716516626
229515026
1403353574
1914330628
312827933
1546886227
874274297
2085093010
1273647059
1860992249
1362740762
249580672
121467207
888678549
596865336
1610074748
1565369054
1801370169
2076393568
1235267185
51512577
449032366
761132271
382172754
715073704
84571480
341064901
1031515176
702111994
1124809068
916037479
879568618
1254289152
952266947
5260193
327154741
1555423536
424645342
1738609552
1420246543
986809966
305358069
1118033730
447152958
810634422
825003550
907005828
911298414
304271432
1376210155
225379885
1335348856
957790097
52454357
2050450782
1147061169
845876207
772577742
1756191356
1947668778
1881550790
180904122
560719643
1983088538
179502173
501512400
784530959
572178346
3451992
1111679420
1964628308
1118605923
547269787
2122616884
1533525987
97027846
731508821
524850115
1081189222
1231302135
1172309823
1437084579
1042838278
1248591838
902748962
1095045031
1849884099
407418454
1863965481
692429584
1349220757
348993251
4427798
1267924605
1019599029
167978365
821246405
469791952
128336465
1152942286
1340800752
343610598
1755882997
917320963
1511640326
610050347
1532864934
517114499
871234753
1313822154
2107629874
1697145727
1545106064
4485214
1546068501
1220344027
1980949874
386107600
948144976
643521871
1322825637
459686066
48989855
834133938
1575835669
1498774705
1314295216
1250314936
5333194
62527674
2044189088
1988645400
1315448958
1962111945
327976522
298710923
2034429501
1790480532
87032308
347209651
1414701187
421643044
1557395670
893643854
372508917
1261030610
1016055165
542604515
1134607672
996081452
1877808962
226716767
1840423438
153153515
255735641
1933291901
728956784
1952563530
1018651085
607865892
801592057
1153915459
1792287764
589640054
1592980373
1361223131
1655548066
361263063
689358300
1980081520
1864851270
1190742505
143420802
2140189322
1766054978
240935901
2086813376
1725484275
47249485
528262387
247450409
876741390
2111108502
1031821784
1771346500
2094566375
18138894
311024252
531814679
2102963689
1819461053
281225892
1391657792
1166623162
15685781
1682629883
446035423
794122068
1016751412
2050867547
1110300405
1685341513
723129737
1333034000
243932715
1710438099
744641687
738400154
1828507798
1643341196
1468646994
1263091606
1782347240
1601526324
2059212439
1866185156
811052044
569908661
869539357
653802239
1724258559
1928801401
680016697
43427062
2028508574
850070149
924480777
285396243
1545773761
192506877
1317136224
1612818386
457433167
1199744545
1924744847
1171515938
920456623
1090784379
1157226051
1287500103
1097047422
586697396
1640255930
2103302898
598127712
1200677469
866974416
1650451200
1109211565
441810944
1298314490
311216228
445625689
637725285
810973686
953759754
73712656
1190528894
1250026521
20541241
62182812
664368319
1585406968
2073983603
1561651098
1222664475
1295061957
1531984078
1848123971
1347591694
648206074
118849607
1210165353
1819369097
1129615497
1917313209
1304527293
1702738391
2098988081
956947673
722835363
46153458
1587121007
946662270
9227916
1490735120
1065201833
1695269686
77421403
203088543
398853243
585193139
899137011
435759089
13849610
1311361619
425117467
1630603527
641055582
1774500086
1925661407
1346652300
712151846
1765753615
116249709
493928160
402430505
59817564
1535317238
1732322931
944213416
767628289
1489001221
1291619666
1146764520
1361945337
694039522
1140643357
978030916
1509995602
1570544587
1264793392
1132369664
1392677760
1553538725
798086623
998804628
190440028
1687971808
445166710
901426114
390204787
815281084
1267035660
2041959733
1887336033
212464608
1003294407
867286687
1702860041
709140095
1235445932
680318261
1353492785
160829468
1371196661
1646836305
446814652
1936897065
1487028099
389475864
834404204
1063404388
1174063909
62063950
2022216230
12975391
62105890
1060940001
933873110
1514031892
1591267772
271409171
353797427
300100220
2032641270
209345907
1580042181
2011328304
230903676
355743406
1352399552
199521293
1199688933
657694053
340555681
918660604
805329546
1202627682
1107772660
172394212
175583520
492248995
827603918
1676066779
1234773522
2131330849
1752686275
1506769824
333969437
1677696907
1511802078
2111331666
963866572
609824596
472808704
979125860
1809146584
36081580
686950160
2122364962
1674038993
527201990
1020245482
1090102975
498256113
636415773
1241679060
1295829990
1747044722
859620846
349548398
1452167555
1238774381
1357662892
1279027074
559374530
992585615
828336594
263282947
109046510
1210109586
842144907
1808392640
1993853321
761436346
1012447192
1739663891
1243845777
866467987
1528861025
593917648
560382912
1164194237
385796106
2094306911
236467875
307502126
952318056
453435379
1964723143
586459064
587321489
796919513
959211194
620283575
14680659
399144020
2028430776
1472920349
419326410
363543411
1090287610
1488205729
1932297320
162834932
1295427613
897020298
853729873
1386720669
218646089
1652596051
1716413505
704162726
2000965046
475193734
41723875
1544041680
849292670
1351253179
908990868
444283377
1822899792
1141998486
1065870334
463290706
1675788711
449700725
135841983
1927824492
802314568
1067478066
1772523717
1478682666
1649132200
459283976
1389966281
712829427
263557821
999009034
157077524
504709817
704233315
1476530947
1885001337
1598464235
831310285
950216085
716026174
1740296063
588404321
975043236
1096726842
1478369312
1762236418
1950684258
201933313
370446340
2021101479
1686187106
76837668
256405477
562040722
1983532419
1165303592
1751025828
195280407
666394307
1583628739
2075744165
1675652990
1867867699
1511765325
1295380062
1211804972
1158471451
1833741334
1832937295
549769797
882072919
330416445
91187445
612539268
170169170
1418940417
1039276594
148232929
2082572431
1960111749
47969085
906668455
1145914940
135523265
2100853303
1094713189
1009613616
1214251767
834914188
563857887
1964432312
1414237368
600049
1832112379
235611581
1529951149
699919675
1963809855
39475540
284405103
1605007937
248541286
89748
618212536
928468735
2102807902
1945424706
102437524
125443028
648777562
1509085527
440612852
1701892686
223030082
707881832
597772828
74769531
2104875583
649813051
209468766
1818045201
1092897861
1258679034
1709927386
294488419
1284488737
592667796
974451572
1686315562
417190761
1229167057
2026398932
593069125
2047382295
105773072
1171927573
926214795
418397007
444458407
133919201
151921776
1639260280
2034812797
1821606103
2029798607
2134308722
1185239166
1131645674
2056305388
659060642
727876293
235324006
371353816
647614482
2001366811
1442759810
1506966097
1323945060
2042704619
1764565133
1593058554
1512626681
2130934472
1735437180
1943100779
834372941
1251882874
862963018
1333484301
1711728452
1148158412
449478283
967054647
462944004
40860602
1209722967
1635114374
2142878709
1383968077
960515262
191418045
1740480766
1924240378
413531249
569162014
205612940
596504331
1463005410
1059211894
1646861453
1311110492
2053226575
782499501
1029770944
1205163789
1509594757
754897926
141766994
140418004
1084838745
1257538703
117571394
190267273
2084673004
1846334321
1997163691
1784072718
1816808931
2078998222
1289903237
634992255
481350312
1538318688
1302815264
2090093035
1453225370
794541717
425767942
716825067
314510217
1576030488
662523249
1897402507
976451839
337689026
813959796
1499906019
859739075
163661373
1194470023
447653696
976597226
182810407
618140782
1241355772
595052471
1764474556
1437128443
936275946
1218970973
669424587
265642440
571794999
981448506
1300780266
894431077
300324663
371296433
1627253191
423159653
272896977
1194351255
994316460
1330017577
1513548377
1267592720
1020255607
160674974
1689835745
904016481
685279357
1893200742
2081914142
1936440504
1714663500
172080865
1566942216
1441759042
1154982485
1907439347
635005527
1185989188
1388458063
729285380
1762985899
1349849573
514208505
1086877537
1318156415
1196152308
652894123
1892095485
1278405062
1583911550
2101292443
1299956530
1229356285
1020668296
775506841
642807295
1449549446
322897133
1752925262
1149986724
1999259470
1452617013
343534478
58353504
478895040
1576413962
2087377156
1185307657
846565116
277753067
1717288678
2027099820
453608437
2112786693
327251042
1597283147
1774569141
2105108004
1938050938
1367612176
1824078555
664495444
207691755
76691749
593131288
1259511712
567385602
1279045745
331488215
631602077
1674369056
1342054695
1487245123
1196899061
1070826600
731085241
774132667
2105114844
2075707413
1081311870
1799964528
2035930402
1492693893
1917882526
281716703
1415177524
723026814
656660189
510997596
620362680
635689516
643408110
855227295
94614133
1394354352
1742715769
1435584692
29697424
1180308918
948973954
51480575
2136706763
1228584297
1988581931
734496996
765827431
478222158
1041352911
1134817274
1606227890
1634128269
1476955449
1812089466
1251543575
1639586094
172098763
286308290
126669961
68881476
1346354046
1520919961
1348570125
1563049110
1179418618
822567615
1903211470
1994183183
151447098
912591023
2133458389
1145244818
1637057855
1026487782
446939504
1005753550
811828418
991888148
2111059593
347972283
1964573264
1120736945
487766015
733577547
2112282724
2079678191
1019751333
1009300425
1911157126
1563004616
1023758658
729340944
338800242
2104849427
1256530787
523594371
432953531
1127133990
1290762735
1992254145
326091525
745889232
1479322692
395150562
1026085459
895632526
9457741
124637867
1665814879
1780388778
265129915
1077777940
1037104610
245534268
1978889569
1113191468
837096846
1763889958
62677890
1036529794
1901777159
1093698188
1520404238
2015115735
2020497088
1663937130
951163241
612185964
1218166783
1191699867
2137166946
368923226
1796471374
1507713180
2052696293
1250577654
1161522150
31659673
1786258410
601522796
1136462022
534968372
339355670
2005181743
21735161
1143203011
1149488010
1984333654
1643064668
1749999406
1316174022
2091204527
2078231947
1527829708
917566634
218323028
1295057425
1617971563
1849613946
480620738
1318767208
1896542980
302717336
772917726
1633377595
1602098691
1532273953
1489285390
420842038
319321573
597093513
59463528
206120643
1281163557
2063457322
1002520593
1815355925
1145495047
811833739
2095535026
1729761131
262186789
983213248
1265343239
1724608192
163669577
627522076
1808674850
1467215926
30383585
770684884
2090650283
759457185
73213935
1899488259
1568134218
1937754667
49408664
1952674524
442338591
576206661
1655042196
959410375
2130463201
1808181993
1488238040
1077106826
1389962009
1651290599
368339465
697447885
1565326344
1120339022
1767977374
374166920
1009244533
1292292647
721936878
1281306939
757742184
870285947
536011128
1556354826
1329247428
1995929171
1617255711
2044281748
1662816755
298270963
446119141
926451317
962678043
1857001461
1737687023
1622026718
919406715
613644532
1308470067
2046063656
1327134467
1271179175
2129191973
1640479350
1738580407
1442752679
1934697473
2009843166
1469408165
1546298439
1464796721
1878532503
1958750331
1488248113
1987247608
1213676440
882304138
1487389165
1815490434
1869680420
1644861183
2123893431
1976298996
1118849753
1271249709
1623668873
1935109656
1188146660
1527455103
2147388311
304887350
222249062
1683901027
531318192
1315690420
2044215539
343686202
1444206161
447519238
1817042194
1505810473
75255049
1025510966
1904232955
769012210
1019104239
2038556537
872700036
364663482
1881371125
1180070999
911140943
424329579
162420280
844698324
1792334546
769419325
340009885
444275122
1973637926
2075078737
2146098458
429574968
787418912
894081520
1856381011
1880112442
1397404728
1466631341
1810447871
917967926
1805958391
891982985
608960210
384111121
588186830
419903871
1710611482
1587975353
125152539
1000087814
1129334443
2133283199
1531076523
616404150
1282049917
1575440607
1226740607
278063455
987066082
432137889
171651561
323832807
1581788298
726528445
2070168371
1345321862
68135512
1124795626
199429844
1046488884
1915349657
428070552
1238226935
716047455
1443002186
428218392
1653363118
723445380
1856109265
396125833
1497913425
747561429
2012361720
153819779
2142560627
365267853
1905448898
1960977720
1622778138
1232352857
372054989
155452556
136998631
639156160
1133325744
941011337
289455415
1910948758
1226494724
48470828
1302990645
1791557796
536899812
1465955285
1378285161
945235270
212297035
1133383662
1249052516
1694913558
507184484
1329618689
791001906
1715849239
1528836222
1628744571
1419657543
1666536282
2108883039
116207774
560247726
1409047819
991242237
717470902
559256368
1099365993
2031099197
1390653471
1360899724
578883462
1229607038
93414520
1113130935
175326027
668007028
1801250715
1509751238
1599773194
2108852485
1405906781
1261695894
495471523
92026555
11549691
1678883847
1648925615
255046098
673749508
1511862757
1105929901
697777336
1530873829
1876255859
310425271
1922427832
1116300451
661262423
553346648
1821666503
1488860708
53746156
1123834150
1290373638
231255789
1488253049
1695457940
661911698
509602948
991149779
2130059591
1559795279
629272286
363563199
568147825
692000191
527114784
1998351355
2095416248
306547103
381232900
1621549836
1535030581
495199620
81569851
1310438851
766789382
820957885
1580922361
1635066145
927622878
1780557159
1064290995
1744010496
1116275570
1530212426
917054164
1307624317
1994430764
116409958
2060074301
983953581
1164641455
1985376750
1790871156
1671047587
2034099409
2015505101
1289226873
507612765
1268296812
2083179258
1179902971
569651526
1375226211
1051923005
1708807092
59189111
744237210
223675353
109011928
2066958162
1891489378
532919540
1801100985
988821458
2012161468
1991040653
1866392699
1568870138
2053293751
136941964
1410163550
1140298648
118643421
1703626869
803762238
2110073624
1183599102
532214168
1061227620
1639695257
2117926501
1763907875
1501392072
187202042
798968528
938075188
1471801542
1569585922
1035761818
1806964188
1864036901
411785443
367976755
1836529214
256324313
611412859
1398680043
1038053559
452791346
555654382
1663805807
382601674
226026217
2126369075
909916287
1782138565
956270209
617214121
344195541
2020924241
22341355
1871794835
132905685
562979768
2069883550
1702374442
1149521585
1283338667
1311443848
458599183
147929712
2068439236
1418667693
865765949
385898433
835252226
909948421
1382557253
1633907454
1184200299
1002864770
395361432
1302980437
17245753
238031183
1087517385
19435876
26631692
1313102402
1371071335
1713148516
359942560
2128296287
87490574
528163894
774171934
1856855314
2086325225
2099275680
2087946140
397675515
393725237
991817776
1141383323
1524077298
667246573
1379006546
56385981
170932299
1198830544
1745213683
905157646
1905300375
1159968979
1534099813
572809144
1430969054
723202769
442893677
126778805
1138059183
1477802588
2089705118
1490533141
759149310
107212125
177247586
1107534578
1887249275
1194080524
1477107856
473823362
1650804542
352919382
1492877323
1112720864
1611721021
68650391
1754258392
1129605342
762209725
264078048
928594624
1432014013
1526931238
373757828
370987745
72206732
2069999835
1800617971
1859333169
1367003380
33238794
966163996
1728843
784106663
1064174743
482519580
1780788229
64888671
1661876677
847870746
1541867637
1905635240
1455423293
991763961
685097266
1463929473
1643178094
843360732
1169170589
362955759
1473175134
2045146819
149366164
1409254979
552657349
1024792973
135907477
9329119
129253616
23988046
1170573126
438954536
1275796935
1465772964
1470987259
339669165
19132027
1078320611
888766765
19174794
1547681072
764219879
1832496292
1406826017
769827584
238386600
620306603
1423384252
251074091
1048386048
764033449
2122440180
310209793
1750502785
1146326945
1131688432
1485004190
819308191
238274882
133469488
612236833
914638413
794783631
920266663
101422436
1941244297
432359252
1954678454
2142175242
114295576
1222963114
539670832
1735833359
996103716
1381981515
72473258
1890164012
869002347
2065661282
1501452890
1175109715
393359090
716278854
1717861075
349794179
581489212
559645208
1145042291
1979885648
1675763880
1355036718
148881910
1458556262
1425304083
1427815732
275698800
2142331039
461582734
1587774841
883471188
1344755796
657953868
1756865044
263225194
473415650
2018332135
217529234
1172994227
946364426
9426897
1354451163
389094750
675216112
1119038263
1171690634
25040249
105302251
1000390085
1737022786
226005567
511144088
1445191947
1186529237
725238645
10073323
419804710
1111826522
178607084
1698820032
1475521380
1524370135
1985159371
1045974009
708317327
705314765
978145093
1902927533
2127654773
772729195
1045618131
938847198
1036452963
2093547598
935972108
1445408224
1520656527
394647847
841619158
1296140893
894002894
75114816
1842076144
222034630
1598017332
1266159664
1511749980
2053925021
450901803
1223134175
164425480
1366988457
60043904
2062149818
268987107
33660983
1946046629
1899113693
52716528
898184541
924646861
1195783068
1112944220
795301153
1516130092
992138048
753689850
497231101
1233962710
663003174
688976453
1086881176
1927572611
712760901
1438788539
470968815
1161896575
111068955
1306616638
419872681
965500596
601592747
1572475009
1371574001
1000651845
730115716
1040034119
1045052222
669977845
141335329
246475913
391908873
535524141
97884522
2004227892
546624824
1807332891
1706351187
1156922857
818537685
1505863876
250711441
825788589
884192007
400596150
2134865496
938086333
2111218691
839511548
1509151724
799513289
1993167623
1240958383
1805327794
1210875115
58191655
1319046165
174701653
1380127155
305297658
996894332
1542851352
71659397
568006193
952116500
1709861413
1071890482
342994935
870918813
1997636653
952933006
904511843
596792296
1049471449
1357107404
799525145
571630045
1019346515
1071923532
44345590
2054757889
2076803702
1509910585
1448698726
2131566662
1571390581
67696974
1501947614
1175699064
1810936750
1224189111
1789296214
458810681
977901235
109643776
363499303
1401000084
2074627825
1791567926
913871202
1487077307
714476868
1138455531
1340134764
801993114
1623260467
1074790694
1291624815
1768029964
1161759975
537984091
1687240893
74134941
657807877
1432493800
1199718772
892346620
1041535469
1925392375
1674483841
816072529
1470144112
248619417
2029482141
460636604
2092895066
1228582096
1969385218
995939245
582358352
753265911
772367018
2102380920
1820619934
1821131046
660208419
599753288
1946220176
435440951
665299945
711859912
779409368
2111498616
1594443233
1444127887
1935478520
1899133896
1968730054
2047143243
998941988
2134472951
1323575719
1854725482
282116943
32879244
579073928
333840279
254822076
1038140722
1542265573
216242713
1317910260
52405637
577846827
1897204112
562380851
1291341833
729938774
1671542888
609495720
368036450
1738967408
785912462
1096223236
756761713
1739974558
2047796797
1920125089
938432056
1047675840
2082874508
133015584
2087164102
1975558784
18298611
1274415871
900137712
1153658199
796885086
43682820
522675925
1996941258
1585038579
262304695
1610656992
722777923
2129751425
602619465
17485980
702182151
91812440
1409972132
114655258
1667573994
1071824687
1588827005
967205145
1046582630
731680149
938292414
701996563
244313019
460905054
1916642508
2112962235
1849998309
2130446290
1095678145
1192479435
1306255836
1387783011
1881489158
151183833
247401213
2018056959
423118995
1890388930
1560983910
484032760
815575963
994830395
1349498136
1126064136
1937570198
690288316
1930235706
670573300
2090257984
458095593
726410099
1112072879
217959343
65202871
813467838
965256763
1907376298
1052684438
1818722273
1029722427
212304762
47048603
429811751
586558785
1883741877
468045975
1406633629
577438942
1976920133
563103334
1230004983
1690911185
990494656
1145604395
566788767
1519070801
13001701
1449776588
163553327
1559805300
492318037
647867265
1155225165
1315015342
936453681
1158948687
774827390
1485426442
1443606460
180955539
1743805270
883468692
1851048338
1354342158
1861114457
734637924
1091740186
1135734831
1684564470
396609463
575167830
343237971
20726136
186352074
742352848
1890985093
1157238768
494719925
1379528868
1953661074
1747277234
728789052
1510551931
1022837106
1819918363
1324965199
492306305
25000310
1043692673
540701145
1319006688
1292684196
605499849
629545669
683947322
1031010305
1264867219
809928104
1200088769
695225351
524101598
1942900781
2025151153
714847135
150971507
1180613677
1245499847
761158811
1882620391
406238105
1115052065
597648779
449942439
967678598
1706088788
1200718850
2129596745
1517147739
460480516
2141983276
537723187
1989490022
1475323368
963861765
1175958839
652270769
1289262224
1309017672
1473736364
1150171374
352944242
1755530143
561729298
1977386575
773104889
749558115
1693450633
1726251139
180822428
1449099517
901414945
831081840
590287923
913443604
339044523
80416583
860606055
736602301
1293356055
1370438125
170548222
1172761
1295817513
1008861008
1041107159
193356728
804759453
1797471525
774281596
246604129
738076093
1642745797
1042725159
1502568995
1501092078
1019151004
1080966993
1589848829
733422339
296368392
406747418
469300594
610314334
341788178
1795779605
1746397187
109297782
191525721
551118722
1660238972
1498320640
1777103633
183228978
2050476198
1663229798
768226742
1436592471
10217454
604970455
2131016733
763527460
686374144
1438705161
1442525000
349344724
1229395287
415320440
2106032273
742528131
895639518
18800634
163140231
1231950018
1056179809
829053079
1504033300
518266749
1201784325
287602985
903842771
1154258121
633602428
2094767851
308909252
728227751
1463896865
771995253
56911408
1558493093
1939460195
308488395
647070934
2047087544
688383710
41366970
1558361498
1089858402
398459113
2131663295
592048625
1990232556
1230688334
665846167
1354549284
1488422288
1398293372
472975019
521841440
1737458206
1404334048
1066562192
2085121009
1006508084
159947064
1299502311
2143490800
471274608
310652092
430783503
409767955
640497202
597740182
1094122448
175358108
1342525677
1650851056
966810402
1167602661
1175110802
1126671224
156124936
211250181
21802312
1408790558
1537131858
1422184994
95240784
167898550
527274804
417179010
858168383
418021377
1650956770
1125423869
542425286
327859313
1914715775
2105762611
2013592055
1418663982
1109753386
1967121691
1957006757
1438908045
2125200032
1664331012
1103830381
1134384980
2047966015
13382005
765414074
455444413
917825787
590413834
764752683
1516858308
1078018255
1845788895
470769545
1636059556
742128162
1931311836
881885681
1827432627
1223708061
349728562
1496269631
468635139
647191249
1702616710
523217357
1715943334
2012997994
196383771
2108100501
1130319911
2000451281
963412551
1618360719
245516631
1929859421
905721133
1063804828
364069163
120857561
718328237
392588863
911331815
1918135833
1895238152
697713518
1880638119
10757808
1200322858
1897634045
1620942513
983778734
728593132
665532144
405177845
1382174300
1928461324
191529977
978016011
419530147
1571424883
614523794
405192293
792102680
1780576711
313131521
1949516655
577832968
1488411465
718746120
218159415
1274740732
321570623
192826437
2111666131
89118263
2079431321
553299174
482119316
381158656
629421964
1902395241
215884541
318769469
1757020769
1899876977
182400664
1592230059
996773987
1795754007
379087291
261119837
1752753814
928342968
51943033
270639396
734396581
2086577475
1157941678
2122171820
1139951825
1780488983
563718620
2003415048
69994045
433034745
1567227795
1499973676
257579986
1705767132
95289034
1854564075
782622872
228949494
1253253868
1674017214
186192752
672207099
1157282928
309666662
200138745
1370129062
1268808087
440037482
379640159
1356300810
1054014505
1807895496
2091415783
1996107047
852731311
489588189
655531650
1283739419
493135435
921923427
1631189806
584899463
194559469
53473538
492609680
454442067
348300207
1939032046
1068575657
1244401717
545365475
658921632
21593369
550726657
472099120
130166577
28140903
1627588879
1710005672
1782335882
1754790938
1415148876
284682555
1083234005
726636755
1034183210
1967984504
340056276
1625199248
1643549526
1218583927
2066706507
1822616112
1349639840
1572074074
1655383444
279002628
1748454091
372571548
4468989
1430011017
784765236
1930929105
711968411
878164119
1891546578
947358082
1836737223
1458360623
1553711615
1069586745
1540666461
1117841265
362216024
1827104140
1837882383
314745294
1760247404
813595643
971729321
1817824654
2023399090
430025379
1812216779
819824559
1599588265
1574866417
1594947824
1640612668
660667114
142728818
2088407466
1807261933
259823498
186146865
430867698
592477528
448698909
1655264453
2097604778
122083381
1026063403
1932968901
1551108277
839038805
2046091508
898826245
1006452188
419779740
114132507
914088581
622886624
1755307363
852412995
1596072437
1565578844
814236327
1862322738
1028302004
434274316
832277460
1833207296
418591519
1957620560
860755279
34290390
1630144873
799277094
1806400985
1544058343
169898245
830039090
1653915701
2033843443
1518298548
635951146
56586944
1089310314
2025583545
1200334908
2127146821
1671716906
1811800941
2032608355
2098820881
1376419313
1098235271
203004904
560027842
861756492
1298603169
2052617900
147083923
1106604728
979880802
1858540919
2065326219
2031038387
869011728
1677019354
335877450
1297516757
1364429582
1182501847
1176630230
360058492
1859920884
2039751174
3061836
1157424395
924595103
1758959889
1940749537
1006559933
906294054
190179563
2100092549
2013362505
2055111474
277341898
176433105
486102973
2074899403
1447740916
284129917
2015678127
2074004865
1508112662
1212172200
862474222
1113009274
1105008077
887186273
541587917
1208255766
100295068
673127977
2118568848
104436354
1628676760
729997256
214338804
1618402237
1255337723
1272659304
966913198
784171856
1761326202
178785665
456613271
1083092061
347625187
1362974200
132837620
1776142534
415856558
2092470997
897266408
848387515
1341913063
1332363288
28156103
1195964073
1885196442
1236088786
495418650
95052915
1424123855
873875855
432334521
6508752
1197388812
1695500430
6305964
362754809
1290918461
1717951117
1921341898
1734710638
1145817373
462049469
340467209
1903348755
1764259740
234904867
39644153
2125546210
18129740
2043105975
204965586
1735239240
615937289
1014951018
938727937
576305066
272180662
1394832020
290634458
623519498
1607631870
1311303463
1468822966
1713078980
512953399
717232143
1159780571
476952763
392283128
1224778205
1680494777
185955835
2009991551
452278937
256139922
1385506863
2024040199
317374523
851681100
356111230
463986584
1636856678
473958031
1207494995
1842709736
1039283705
1954552800
1461656286
2075400312
1202494763
609683211
1054274066
632945676
187714796
787458300
183823570
1750394766
1135898063
989854185
99744262
804352953
1868360347
1802041853
1454969207
1939904250
826501289
1549367678
984445249
1691428300
2041690922
1965553354
773894442
621121150
560634491
1030540081
431775957
1572964235
2086765896
1105762805
1202279500
1493919210
763017037
2075383521
873924651
1360403253
129013327
1968705805
1910627152
1552204237
1939204617
1579533312
1326114567
1682065800
1463156713
382565366
1106570421
1322065494
2042428216
1978641788
1870932673
2115298551
1780552627
1670941303
1640241864
1208230643
1308017991
891193693
1480966039
1825661245
1887927484
1307854405
1396864531
114819403
260839968
1320495471
2081134902
1614485061
756158115
1647013731
1183317023
1562401418
1175661692
548215866
657371498
2027486727
1927302475
479405111
1975405984
683770388
1794601912
517811395
1991356995
1786467856
1032851933
775866145
1281742998
1555891718
509065496
1846667325
509270722
927588627
1042550479
1625183357
1232865824
23209266
1467068995
373271295
1144719344
973020753
627707574
360947838
318498129
1589503270
880066191
1448392981
1170268653
482754696
2081450476
425540239
1667013717
1703454872
533538766
1189716016
631750535
170075601
2012146777
307687766
107007699
1454574757
1845580456
732488825
645775054
1465716637
1547341532
528385731
1936260309
44118777
1926560470
1347126720
660221522
1074109023
1739040776
1229155701
1153988658
1008694534
929444974
1167831693
136393444
803987099
519629147
1266142857
430065526
1901854702
1530875313
1751343806
1984497365
1844082684
1388951622
2075195262
437461455
1863110291
245089892
1879175493
73262452
1735343554
810734055
2109230892
1621825349
290363852
833737963
1580632392
1222395090
840276714
514791063
1314942789
1863356205
1263475813
168169242
1379985323
1405705218
1826853346
274544797
1280936854
1358423614
2136056071
2084438209
1318291309
797170641
703112861
131172055
629489487
1024559093
1021143331
1364232842
1822329063
1048781796
981575913
238958193
1162532491
581687293
1291202001
1949279467
209729651
1368669756
1134097228
1455692032
1288609164
1419011230
1766826410
1905481303
1673778280
76020841
284949435
2059219418
1511654437
102973113
1188405167
1510002573
1632007725
634808621
1112577296
118537650
201218866
459838846
654449944
379531886
1208747575
1324067223
245303683
109530576
1850616212
185798152
2005631030
312822390
1602090384
2043616213
43192380
452149342
940420186
1937310943
1722037316
1570055849
990214759
1646246946
1182715380
1837546751
1562658924
1446536487
1792787989
577976393
1309765226
1045230740
1444246276
856554524
1457721156
135433287
9624322
1605319726
2069329650
1144263962
1831152503
920591897
378101321
268583864
604590506
473320527
1461349879
1597545514
1451812622
859050189
438225363
1369361962
580493979
33800881
1734860195
1152521488
671714274
1294102674
1787478852
1835987792
1137182020
42095571
217629985
228559455
460952695
1627512477
2121499918
1526799201
1104809340
597818355
1724054596
1262297057
702783473
1207305386
1483640637
1066544598
1331930235
516327333
2125932188
131146342
1784142727
1236301342
5487904
359075074
787862345
1400108525
2072101857
1518801031
723982308
188747037
2037358229
1992782869
435495772
214805900
992140432
213248985
1407768678
1448322563
1273482308
1035176259
1636348000
223374717
1454199933
353017228
1288621449
143577247
1466014038
1325911578
1601388532
1280112163
1004408227
1872124246
336936326
1173124276
1043213088
671876771
1372801892
526149615
666502777
583592332
478700580
913346296
656370783
1861154690
1545502835
1346593584
250061961
1762706701
1433401326
2143669100
1952655128
1484074837
1198471488
568129299
1531712539
544156671
494961883
1863795025
353450663
309987954
1255077836
2056688764
679929980
1987782781
677119725
878442796
2139816684
1978389273
1015246292
1803990327
17476498
1326962082
1160947206
1175201236
1889577875
1318214411
79559730
1050654135
1402699038
481166680
1395348476
985080036
118925189
1143335787
2032296124
350554695
1719302515
62803356
2144088162
1549874568
538479626
1038597442
2016899576
1643548851
968769535
1985195982
648359637
1846417968
1077282337
826319250
549246112
426535316
1949243277
1882934076
295530969
847429302
1336682139
1589838093
1099097507
39177900
1797189675
1881489716
644173409
950565560
616252498
2054522207
1877492848
1404848609
1837664252
90105529
442573760
2116622642
762605175
322833652
1755637777
465794338
972876062
1148244897
702959355
1344635886
1287539936
1698547137
1655650940
1965800697
700892991
1970420501
320221456
1351876980
1167033258
2105943282
406255478
2066731710
1332212759
200220477
561745761
285735633
1833864731
104688595
1358727668
685416244
1415659650
7542370
2063469987
2089444715
28889190
1623172175
576507756
1148861150
1036800947
1343946537
818796186
884243373
68509090
1045409781
245201952
1527082176
1375243501
1802864644
1988255123
2027845022
1839974645
684962497
240877321
1552937947
1490403882
1467856985
1426033774
1201680215
974270940
1388321265
1174766059
1909816514
1382609731
654924402
183959854
65172545
220494191
1685767960
1314503137
68585336
148132425
1898114696
1658081679
155142296
1444675752
650976822
649614951
1892836013
1299002548
1738407287
1209259263
1062732857
1372123403
1807958767
2145808408
75951238
1657134432
1181296652
1478803181
942565561
2006265598
5102719
1311414060
1984918357
1637557993
994039037
1343295784
43858212
1315538282
2058403311
977720832
1895576137
1902271861
623911530
1018608013
1947863613
7120409
25723185
1999489296
634297980
782192749
1641088220
1216351269
1160138084
1701500014
1540573753
1321724755
2980152
79288373
1750148049
1878800573
501972416
1846474875
67175631
1287793665
195594739
2000343283
1252185785
811930680
595455788
1795896628
1219630296
653691129
724962526
30062160
1320780191
2076148018
1250133528
1923252193
1732139214
1014050457
1194016705
1731937189
1984071714
1711527404
636695675
405010944
492224710
557001238
785279265
676667140
2127516698
746538949
2009065139
1784703630
335533833
792350037
860709121
1205820147
79767279
451194611
1358231934
1414110522
914076043
979753096
1007919977
630262705
773704864
1172688404
1332288276
663129984
113872763
740574899
1300431202
1486364746
263668020
1728933650
416904003
500016415
1594506552
1553905521
1678757737
1066635324
1626067658
2056502570
53035343
139214186
1708545573
1546885210
1508028871
1606822298
181931847
279935552
167952251
731607170
644381934
112386564
1378207747
1914110342
933809794
415066314
1432213394
1086947842
199912933
210673377
1684812529
947652233
1926581596
1608491993
1795378956
877248834
436616320
1282776248
1132261016
1030710546
19734595
84809875
737474875
462873769
737272441
1764498972
1289823126
897342977
684394958
1292172680
1331115094
1856479102
266339458
1295738826
1211086145
164082032
1857782533
1098967406
28372182
207873478
1422667044
1279406126
586906445
1544582903
1718606739
1655182400
1170631704
1444952953
701632924
1998936573
1712488839
1787238550
202275448
157022706
264830363
1466269429
195838743
1522786162
19033401
211573453
1933422682
2108616819
1405872486
1218553956
1329595487
1113275241
644196492
1015772209
319940334
40905086
1705535980
1427605235
3871751
256237206
2118857237
546157120
400224483
1987982295
652056394
1472360613
830403095
1302047557
1518933393
156296721
558559736
2092301559
2105560802
1408303408
40714512
680723117
805424254
1844980085
1877557632
808080482
2079712570
631273010
1455998174
70231792
1234222775
997461612
1678649006
550462003
1027827577
1913864879
69183557
798591843
208542394
435669456
598809848
812609669
1775684866
1219280684
900101090
2086126609
234261947
686726877
876698385
123482367
2053581284
262328151
645116478
1377439508
1185958729
1680326386
1291842298
1824648173
2108364426
1984808753
223838230
413930380
614729621
842500847
1130638056
337829787
437478264
340759934
1150423583
433079182
99102675
1859494626
393254866
2115364128
1218111355
285680016
449296124
489727168
1468288243
121716916
2119097397
590018879
1094874766
1725166271
1571845279
140496740
327161328
784380036
1202012011
61759708
55529446
1072316386
337221856
1447988936
1598030395
726745633
142954789
1048604827
1053657234
409678619
1577029897
151611033
1727517330
1280458204
1674433444
373852439
765949195
1459679561
460104964
1668554043
22037189
168338236
1877261004
1678484952
652207886
102652074
647975048
1402234056
2040964814
1742286488
1782386246
1457121377
1788332913
1996669335
507187563
141633692
1869975424
2116844626
1505120056
1206738131
626549091
1353681148
1155850839
1161776600
1187876437
1991787418
1333710886
2117522426
658668042
1643969154
493923752
1892221830
703070473
1821802795
1915865084
783763372
1627087287
1517764388
1895526086
704168656
892072732
1758859953
1270431128
445575610
758256515
568077300
1202200085
1053167793
656519934
814073106
332998851
138919206
109674851
920609695
206684173
568256516
1631172955
1785129288
849954215
765292062
347071558
1208826581
1991645970
1130709554
674266535
1700958336
1376011041
993326750
305287049
1412952466
41817914
1689210472
1442395245
2055666915
1373519934
2123891949
1694540233
524955444
1252418176
889198989
1013162061
1887317347
1272413713
1661593405
621261977
975707424
1641424285
1266109785
49545520
571423454
1734738569
1953341293
1602863426
164021264
1966830801
868391428
261142867
520864519
2005000076
1212179680
465712144
1092011310
1250972293
640371841
1014729915
1676483476
388142487
1992330388
102245122
2123861429
809003631
1247903338
14597570
1139614455
56873812
1050049332
364316276
1211030623
1737873475
117000407
1113242951
1842697067
1408418703
2083057634
1127554719
802273931
1805987327
1460718356
652085972
1679308321
1264311627
237099455
1613227548
541922288
2046810017
1204889760
796846600
1660198699
969630025
897728917
2094915974
1061630282
125478298
970714360
1746189407
882244950
749323862
170462180
2054027191
2018873685
565997565
576293920
1153377776
844009869
2095563984
1846094828
1087738252
1491056173
464513800
1141760285
882177618
1582621814
488403423
217597015
282596716
280784024
175395116
176381227
1197530043
43423805
907206593
2105259740
533478634
2007071078
187639761
1301589741
823355674
1013115785
5101760
1835980172
956126146
1205292117
1670058212
436283378
373613861
225378461
1960249598
1370541258
377280800
1959099774
1095146036
1636186984
1480404668
1189594641
1522673752
