1836265795
1494684377
1370093571
2140414386
1120009048
367311596
165223713
362126491
102343633
441450425
191033014
1101204092
2136036111
861576678
1068783995
1913814460
843774558
21505065
1704684566
1726872763
361287
300803343
1399950513
436245655
353674602
1456278122
360337424
95158344
438535839
856571063
669240891
2097144623
1371183408
19478141
1612273085
514724709
1097604392
1091587541
581852918
397876214
387708992
581934556
455923265
845231217
1398450457
88039853
539404564
1970866889
1476228076
211047981
58842222
363136039
935858810
588265439
148939950
1434008798
1743577162
961741158
1554357550
2008324908
341552005
398746487
846615470
1553525052
949953027
1389529037
1084706991
1222208170
1361707236
916973921
460588248
313958224
1538433503
1424895713
790109868
377254176
2079327135
915415455
616907424
1676038262
2110540925
182412009
394597800
999360662
775162634
1298331176
772409315
2002209267
630013861
1997814054
240881155
2097040719
427773440
1460719219
204478261
496252013
1298194072
1981512607
419541988
1985557355
615701102
1296244614
639507360
1872884090
609723759
1176009237
188975011
1174315900
1425859750
1873326557
1000506543
1570636129
168689863
706749278
393769012
1929348889
1928705006
26210678
126979372
1783858217
1549972667
109760163
1485135779
836035987
1458300201
847574104
53856575
681008956
938452033
201972115
668519081
1889346232
883475629
2105325383
536033826
1207192958
1465944542
772387613
1516230887
736083404
1695693190
919935838
396580792
1093329435
1307457956
1448594568
343650271
252643735
475383495
1037520733
279243829
295716858
1462144109
1452047573
92027753
1313945404
868163853
1984721120
667626304
1645937156
842135759
1463326373
1994000131
1909247589
1533848830
1250004013
235789112
381268269
1691700580
1866012726
2005045712
847998306
39173718
1178343234
508681960
143645311
1511033770
828107821
671354736
404129338
508218306
491825404
90367140
673711290
1130266193
533919597
2143051135
1115355286
1875390489
1438926166
1587098976
2113041626
1782944813
1277231852
1722816462
760208030
1122518525
1283425509
1369784538
1188555592
1961250631
1742141386
1875650769
36788172
664253659
1663330584
1090621832
65393696
157142773
1291743029
870849597
1906790795
2030762706
1283645219
1357664331
53422680
202129531
1571230778
814228351
1772888523
1256407418
460957252
73732278
2033286535
932742915
1024351255
839162695
270606932
987531117
37504028
394841412
1712426365
3458092
1323842687
784635088
1790708984
297242175
1454282378
591227403
968986050
1223685285
1541681648
1816622623
1796745126
1042609357
1001451448
663393069
548684835
1491324614
1630238027
187245393
561956982
1236636798
2001822288
1779533095
2144434354
51904987
423437099
1739816354
2030495413
1740506542
2019905197
103432669
1007311784
550668394
318536722
900155248
85629988
1632880924
626253006
1194999999
1804037986
1269208956
1739387516
1539685391
755929121
1990050989
1192389580
1730059708
1882423396
475479142
206325297
50946600
1271205403
1475332238
206526205
1455163083
184965044
1857104059
197632544
153494926
2026217414
995950431
1113356642
899537581
2113320708
500946907
719348565
41233373
4604984
740660128
778211947
853783924
1533904227
491008086
1371783155
1106638450
896182547
796372689
609581796
657771913
549936217
1305176967
1791383950
1974361716
1580805078
1312262180
628992936
241377259
568437823
1530781184
1149072709
1556341096
276169104
1574836950
188825619
857918309
1364225372
144702539
424547953
658931140
1082793669
1325562264
955711691
770405193
766978951
1368833272
1468977283
404940101
2054031554
28126834
1638936510
460386735
1642279792
1240127297
851124851
787318084
1156101568
1578909208
769833191
589181284
657058754
1578788309
303070832
683066494
31241416
915813676
1624931646
478982278
2066712141
1209352775
553358960
1711196436
1734101771
19897238
148270586
1012289213
1718136543
1357973607
269959572
588663249
1208106919
1221848082
585186815
1013676334
1380900236
755644835
401590454
1921107695
2023447842
724702341
593907320
1141687061
1673701591
875170621
619269648
999864170
349490242
653440031
838339625
684258554
1896116316
648527479
2095085357
1491120032
299774979
308575907
1467171697
1607343766
1966743399
923863501
1611189482
371112295
578752972
151818081
16489456
1217832803
2075827673
448055369
1447695141
684897880
1511299755
806128804
2839625
1295141181
1088256039
842955444
1061078680
1190021038
2048484418
357202548
1219058907
144005224
392700511
523025861
1059055170
757608224
999019377
159212177
1588751227
1353001439
1831105383
1396825015
1782735790
1829197734
629189555
1284682475
1783666152
2011561795
571425960
1927639386
448716422
2007109232
1793162119
406220169
110093147
1000411389
1906962222
9937066
874853742
1324737982
1971658905
1532437589
2143950387
161725850
805294238
928304541
6331229
1123576717
1853717446
607875079
1992544643
187915714
1063562476
1009382661
1811479865
378295642
504847121
428935882
543829614
1690479027
1398373896
1393248512
1152544740
1102354183
1443561766
1649524706
1360781845
483717376
504236142
160811472
790055553
1315480715
244053264
1144301554
92525193
348596703
786033648
220013689
997866749
418084929
154528978
361828393
917139074
490638301
1894341129
2098006860
792348017
447775211
1032481815
234672958
1718622620
879204759
319578360
1122522393
632746482
1701353945
1253475864
830173511
298054204
1583309087
465480081
907358959
170840756
1960246571
1807935846
1431492888
1645022194
950024062
279924430
746930371
503979286
136343733
1025088132
1320665084
1782368047
530647086
163666243
649917782
1010103301
2024337494
1879614745
225456052
178198842
1674029322
1364390144
1704624510
430237063
779112643
1255147074
416403268
26658807
469002319
1014189360
1517526985
2038869611
1039898667
590463614
940231403
535867428
238443632
376691667
322156320
183716803
1992060366
37956436
769471120
1639411988
1130901199
1451065480
361117153
1347189994
1212674611
310815275
1765796397
227620946
1227691647
104147989
1908714022
1046729542
267494343
1519105919
2107975566
291707139
1197190819
210050232
407959180
1030037985
785293452
230534639
745804454
1789533248
2033000572
1265815854
603736256
1327159848
2123857181
632692898
1812294650
994176657
218367661
1577248656
185828406
1161888164
923038722
1792191601
618918577
1485051924
1750020664
1604352375
301123568
660324850
367673428
2041220032
536214404
1178402417
702066827
1906871898
881243995
2049257820
1718122722
1374718562
1798752310
1366721348
329835677
174315643
1067579234
1184227686
1884529499
1247437124
101752565
1011746021
1483498918
289633377
48877083
1699595237
584224474
1316829628
72513260
783427298
2099941713
1983411430
225574047
53517202
1774278956
1460643636
265326863
60367594
2069493345
91290973
1074321620
1257167418
717729085
1977145194
782937417
463668051
157223360
93248225
1210258863
1164248463
1928988343
1595743968
908374886
521860077
1294399695
1260288520
506603138
535350639
346072410
402693169
465108287
1183753204
325615381
611033848
1462732504
1846499351
1276792964
1850435112
269533778
936549542
1322527883
311624322
1414415118
1207875747
1578712380
259903831
85334211
1754607331
1275503090
1806490105
1344557959
786399386
277602242
1803428776
1284364194
266181034
1614799626
1531987813
1963987267
786777369
1710703618
1471942713
96030157
360879807
609087086
603859103
1405643974
1367745053
595325986
1347776613
236949309
507584951
839770064
1746579782
508977666
1127534221
55332545
528281150
233032025
286706599
1154336192
1575121703
1196508375
878752161
424485545
1726505193
1882932368
1087081277
950109037
599520142
1434237873
1858385522
501216406
1970168027
801801156
1653790877
270975175
283560852
1641839463
1626706588
2143452897
1063763836
1481355796
405724572
1146716054
1594111820
1170250648
1564217648
938287909
844146633
571407980
484340313
2003991356
1747984196
950056109
414889285
1659167817
2103199742
517466747
943758105
935784499
550091556
1726172455
1069573087
1278586611
1945047069
505292758
1584300766
240404888
1836702304
512100563
1705127506
294756205
782932569
110330191
1178059661
1531466750
1789501424
703438509
245247447
34379305
1876387904
1176364838
1291735689
162070350
2038587498
1737143512
468176405
416045284
102146265
1585522851
1082015525
1073849794
589107102
1602680968
2095008311
96204763
1798863218
872891094
1545284319
1488109783
930223762
620715804
1801862857
959277365
560006540
1827670119
2117184076
822164343
519964925
9771104
1324759606
910791553
1195065612
1627699491
1948357215
1404760359
1853531565
696052446
202812806
1268850106
1020483926
403837330
1871628911
1350810560
1031244005
1510587565
1809808627
232868625
206550872
350722617
310364589
664197945
1530963340
883102414
1314788960
1553039056
1564696821
1956938437
1162212012
232479972
699210457
440515947
1354864864
482247646
1775960590
2109105739
859180313
2097167435
1209620828
229630511
1213337421
112857166
1747777666
27878488
1896198276
1393672056
620478233
1556735276
502243731
1031723635
2056139529
373056268
1393690892
2031839941
1511463638
644630638
1213339232
1387947521
1299035108
407809136
1220174871
526897716
699535819
1383462996
1662510797
1729563351
450845797
1610293285
315699916
789510674
556393400
1253157525
70095994
1207049102
487019027
720160419
1858209413
327706088
106221551
678284430
1105658882
466767365
190132818
251973118
526432729
688964044
598544431
1342290291
1259223389
99436974
1461755331
1425646860
1304967979
543177691
134254292
1130117546
1546101448
1582893782
1573311649
1310521598
1348630699
1371329121
413779766
2127729557
287379762
1948921960
1000359421
882199038
454192460
310130618
1288672463
1702499090
989181098
1799080499
19493003
1530578344
228782421
873714078
1281676027
1282481824
906074860
357590243
397146660
2138153832
1465717159
2073255854
2021497232
1059742950
885075902
863976469
581287542
1108793204
852124836
2064959028
947876237
541224524
556913771
1209342746
984871113
667550647
1473916209
671905887
128618385
174672726
652411718
1598190290
821094904
1895751532
52801687
1127942209
609397505
509161342
1040766744
479696926
1725011688
2073563696
795706609
1898182026
1120053175
1160881238
68466214
2100881701
1697628906
1917272689
1819781114
857093205
1505370478
1431946995
946238097
873246082
185737761
802065243
138555112
1377489057
711715163
1468029757
791199694
1349089126
1486855012
768337705
837135956
1114920079
1510261582
1330223451
306628969
1845859536
73782431
167032343
1972978804
1904577784
1944720302
183191479
184943197
1639804978
1278885290
529051455
164087651
1284388956
613835835
169407762
1744353503
1498926648
66172719
2007972088
866611537
321690803
422755814
2015753641
1274960282
225965579
1828842481
129995335
2086447374
290724254
851217134
162917706
437879960
347110324
27872372
1266922923
907731049
1098976235
1429459004
1974177471
1974636851
667299682
580011306
1429994615
185502644
903010476
190933803
61895918
770785560
448613982
535477418
1203493367
1127212196
595029687
317043815
372070376
555389875
745954029
251461658
487351056
1487931611
1721953306
479051950
1163794653
1826131101
623075019
496800680
201191373
10017704
255974885
1328127531
1936279479
727873507
1156608730
719721534
2015635327
1560960918
1984816453
587056661
1068969280
1874798043
262039758
1524785002
1644512233
877316381
1543406754
501309050
151690053
2071517458
601148250
1342228743
326365659
395764139
537373134
2065084324
602542344
1079117490
1313392117
2108888564
1911046744
1585976035
131405303
96915419
408405368
449516736
1570360254
1139379852
327921369
1892167250
1907865352
53309558
1999643503
362732859
798575778
738945636
1099293191
1133413501
147935460
279190923
21497275
404000825
858865045
1287257201
1197796117
1634325441
1890757915
442435045
928314969
1014920158
892273495
1453014912
17331713
579482614
1699817628
1477281913
380548630
1489994338
113759063
823950528
1265856243
355746336
779915737
1531625740
418855253
1145149651
641641532
1979317821
1595484059
1355915633
637729924
32805764
279388457
934371647
715708034
724721014
1941245294
1917815275
272206634
814666903
1920465798
1919006764
653022865
391881383
424698674
681163996
2055334306
1117948572
1898688015
926622179
642572445
1695962093
2081601115
1064086207
1090934068
462781790
2047371165
1377480617
1543194312
668611752
1424980851
633762365
665157199
19915614
1832035727
1784634710
453880691
1663470522
538541261
1574588599
138943162
1694728929
288175002
1291208613
684742343
559296131
1591942129
1742633223
44678642
1917334864
1498249276
448226896
1809363129
476501897
799339969
1525938571
413314064
1024014799
1641733046
2014042645
2140761629
1371106311
2046183241
1425069136
1379893593
1777233754
439247320
35308783
249806534
1186253758
1127482145
2113763539
1576808032
1872251642
895563729
619759137
915945463
1216078969
1089591356
1409881174
589160866
1320767770
751022728
1621126547
1126526645
864472900
1371245028
582520282
1050780881
1390121079
758582335
1073524070
1313079220
1438727908
607147425
955496921
214361960
389616018
791781067
980693591
1915577164
1428426522
772552974
126528728
1977029004
887690420
1698489866
659851632
1270806778
491779082
1472574986
713330772
281243355
353246279
1383771943
1439526983
550662580
1118775750
1697882674
695350
423912216
1272038628
986491600
684998388
59078647
1683707396
17200553
1582458935
204778028
1017929959
2131875314
1361900381
1062294619
652200902
268760216
1995181155
1089696701
99639952
413119365
1605837664
1815298015
788565416
1838159571
1443920173
345299527
1680676314
140509317
2135783247
1174154533
1685803715
1401446433
911552102
1312652128
1876199075
1203557336
1757963657
91743045
1459621432
1719304161
1000782230
479988793
1102721002
428224489
1980229396
1542273891
68162504
1978840057
831842820
486881520
1378757183
1325441997
1150539205
558721468
1451034995
701776
907472683
576751116
1100656485
1652101753
2127573929
99980177
1793010697
1356829595
1053669781
1181905352
1423145488
2012543792
636008584
377843602
1909278268
173023390
1345182649
1848629024
1389726337
122261687
356047028
280864857
610819021
476722407
116938155
1371813212
2043422531
454571926
1146488913
1087570494
2046481729
611419290
534560151
392525614
781798953
1828253198
1445089847
1252254840
1770493847
1821343742
1997817658
1257622792
319005493
1821996666
265638206
400521776
2081377569
1939890598
628382006
740701253
98891116
683216397
53777265
248350335
1262166776
1334051132
346700370
301369723
1314619676
1678618165
719485969
1698549662
1256599760
950552548
2032146640
1116625555
1558432070
774136557
826132046
1764621182
675018284
801949835
1088197165
866121918
274508508
2042839072
1694445818
1454643621
1290079734
973579794
1145477905
1810389158
511521135
258124716
1576450643
469470556
486690031
165415872
123438916
2046219802
412798093
1393154346
1026253481
513559047
647836203
1381785137
1772884815
702142578
6459998
1502409815
2115838741
2004075938
1236609233
1922508858
1605487637
152491257
290127511
1430008750
1920662097
235879893
1001935647
189302391
1429862563
1957349804
536832049
1249769266
1605553733
149739885
640936072
468387645
949539511
1378822904
1020482147
1776239344
587065844
1603799669
337371727
2003549238
44057996
190289086
1437106180
1023880078
612236309
1510762031
925639045
1243430280
654540346
181844937
1199815593
772074033
204970727
1452006508
193817080
1366060225
1646600034
114591182
1841962897
1922464096
179366568
827058071
1148951273
1578486304
1872240802
2048712211
376845005
2057387930
349432282
649131562
229983142
266483808
1137746917
1530534588
1899476497
2114056179
1848823470
1167718499
1775682792
1310024548
704221310
1666398960
1400376324
763498471
476588857
1461895439
1861422567
62644540
433595680
2091098728
1757000574
1668822037
2081456532
1483178252
302791877
1927395582
1173535387
139821235
2007355252
518681513
1617987035
1798610303
678557387
80131522
1922718423
1232896688
16773475
1414606462
164991013
1088855620
886112978
1057930145
920566875
1503571754
1498328815
1382038632
1414297911
2134606616
1833701277
1650094992
1921337702
696752530
984562414
67535522
366097672
1509247445
142632118
113993338
1842323939
1468916845
1013702890
1267187622
1767524893
1451925502
1330763410
745215289
842445047
534600888
1045898801
1293700455
1387911509
1065424490
162677356
1344743917
98775607
1228449735
430408120
1486080171
724878650
1465849815
1896491431
2042306790
1646756382
2058034571
2122738715
1280017598
1162971850
736315807
569860121
1640652322
328734008
487455112
433758539
934782135
19158991
717932653
1279348202
468887002
56129001
350109376
29813628
1056228464
742179942
1402290790
1636169373
116617968
320618033
548790989
615161262
363842697
1549050875
1008658452
1169198692
683526524
804489783
1588453421
663620138
1702033624
732243640
1432669787
1449864171
638087092
2043800685
1757048733
1275392627
690426523
1975226802
1439649598
819505754
97487135
1910550782
1956571238
384485661
585091458
1366410338
1750087054
506014091
464785576
1689005582
1834057181
807814618
1645704240
1021492591
573368157
525243897
2062204799
1209877094
208705748
550723431
1964324420
1604351844
1825596045
282217263
1881461460
817904440
225985894
981831926
191169142
507528026
134990280
458544854
1651773425
1340534257
1011809807
267911977
2108376188
860352293
1716351052
174612968
14859025
1856258806
1415350895
1706895463
1838182545
2137528941
2110139010
1972458287
421545026
547168135
758010802
610971910
45177466
202616200
1811515079
2111540627
604549583
227738010
808230453
1054991970
1641398892
175008401
1553777770
1688774464
2115581517
1074826929
461142965
614642238
841103369
723020961
1749250501
1674725821
1918819445
1809520043
1672488899
2018524267
448080597
134216968
275525393
1467689975
760586600
1913710266
109107263
657419824
705197116
1266916575
1911487071
1557819668
1823066902
2066619396
1812016839
1364226402
820140432
296819600
837307322
20255387
28178738
762058270
943334770
558326615
1760959646
950299811
990315744
2103998088
398945908
1511592259
1710678177
1364325785
931781518
553399679
1509589288
430860009
1272030993
658467471
608644664
1664658016
56062107
1963077512
1204865732
1161900649
1569389196
1517037457
425386237
235688519
1509471164
1384558702
640033853
1091083607
1417942673
1014559128
1031307233
177620826
2124919074
1273696764
725992159
5707382
1898022386
1082475628
342787138
398475514
9317632
752636183
754916643
1199615555
2064302747
1621009044
121410270
526819246
1302943690
1647053678
121583461
1782250091
522131418
1373406043
865469572
978037229
680636610
602753962
1807182997
743025040
432330490
1368664886
590551401
1045930348
1055717213
1577843570
2077931508
956561745
297005952
839046627
1803565409
989633327
1653533078
1803804567
706712748
326018086
913455170
1299310427
1504048357
1137112882
905223004
1708687332
1699726258
1863619486
1809744234
1990950810
2010247250
1662674720
826192412
191783092
51445044
594151247
751527685
178502018
2099293431
1525478796
1820509406
1814194724
1009181919
2143564032
2006976659
1188889874
2045709816
2145701363
1344285277
1238846764
215255607
2005228182
488447260
1595761781
1572522387
733797541
920513976
88162408
1793235844
154779401
1734816279
213055617
555055129
242822023
2134215293
1831430155
1712224122
1100749559
497338110
97813733
570536097
812556046
1302604886
1606889914
2103885162
1719124769
1163892686
749600442
975765
434404986
1371795293
1790711401
1380535442
1671934122
2042725339
954626239
1881811298
1919592379
1995032286
1771943161
1737205438
594149393
1188773555
797000911
1602282476
1197663705
1012650073
1437941327
1807768447
1268924996
1612052702
419953978
447951992
968777577
333053710
861963721
968094339
809250401
523201501
673765629
553730486
828605183
1723651063
1476139924
1115745949
251267565
1676680476
275861852
282004401
1218411300
815131707
1759487620
1875464948
158609524
783585376
1526531463
176273565
73509883
1793935028
1649341693
588127281
70880640
1781622304
2033322255
1297507500
1851000887
769832743
1300069118
1802797097
2101650983
1074820575
730476687
488856207
203097446
771794140
1487986264
28426819
608074902
1504053543
2056135309
839943046
195068963
1912546826
898387837
275295613
1390287916
2101504239
489537862
1561067314
1783769079
413055601
222424548
351846341
46522927
953455508
1389399268
1971362250
1183192209
744805620
54061154
120431893
1329610376
1946708132
709499573
1135846823
211205208
731552270
612894408
1381976052
2050465933
2066715041
1201962386
96836866
2136006173
1316836738
921560989
1461575101
1267861069
1388133633
1210912087
1838714907
889950015
424998514
1983710923
74888276
666347956
434925361
144002416
1186747105
1987593519
1910872606
817933874
85455594
38146974
1378909627
1294397139
955935844
31227002
1862222157
914106223
1989864649
2123120505
64762380
148824045
606496561
890104015
794904940
692829928
366673707
2131800916
1068761524
1448042195
1828828735
344702433
2098943832
688601431
536888550
1352740642
1491221670
2035899449
268102467
732043641
415408004
545087360
507568760
598828374
226896679
113561794
808151942
1097825077
1073900260
789470117
423039965
1297994261
154901687
982710062
1826025995
254335686
249086842
1901811584
1669766040
1616929047
320489212
207080130
429514284
1632877863
1793447676
1268890110
1077127988
2032600509
16575330
1245317164
1629777854
1323661340
1474510222
1481149182
1204070128
1471799
1507825004
1598058195
236850036
1993115611
1434872890
1159749463
1401595826
1273555272
28671844
1584704993
1388302207
261529766
1634044797
1044045339
1624517442
102835144
22348435
1751771407
1867534334
1300443088
1985016868
1429823439
793550847
395787492
1439058924
1859720360
1249937666
1951586232
397557299
340481973
182417496
1789695870
1108591833
878281397
238423561
75241341
323623775
169947583
766354358
1919664271
787618503
357780778
1033841808
1743191366
339121725
1776186949
1817800471
669774315
1795925198
626425297
1193319687
1212739222
321967144
357579135
544517408
43703635
1499732996
984517458
1901101928
1906573445
397250725
414089892
1865621720
1448587071
1422892083
455729994
1169624963
1621291128
1070634229
1703950954
1944574439
556389125
2056195405
478372404
193204808
600108186
256115218
547851385
642122576
331611164
1243599768
1558095122
750030660
1960286870
111157099
1669183236
1673237811
1807882554
2091231440
1399695593
737749976
414418027
42451963
327390902
186135044
606654848
712628134
309666665
486985100
884889794
408811899
801050109
455686268
11183300
263551342
716629294
668737825
1039911333
62362601
283953902
153905727
616245321
2094175078
1778585513
307825045
1079947653
754170736
7053527
830497192
1775108665
20972576
946550353
141081640
590945130
654953372
221659385
1454257102
452476231
1269679720
278365381
1010160743
1597101072
1336478172
368976135
1952847621
45347192
2055457240
339284785
673045422
1957841016
2043695260
722081858
502454885
178308320
1151416523
1474227127
564643363
25360153
291781469
255536046
1354672173
911933708
495074659
1498945223
1230365120
299635486
1341302683
1383503651
713242645
1156571343
656390316
212216613
1473343541
497411320
1955217731
29413602
371514777
261264213
1850532183
1800943961
1532693457
1470867718
1984315381
690450019
640584976
1556262620
1784530363
1599623304
208200553
572863722
202897173
158986124
658046901
1839021214
2070558918
433517148
653650643
636616718
24106222
32191013
1070619453
1812824263
397704199
356349651
1300820189
859519373
1150376483
686219367
261133906
303734281
1609590908
1683144819
1559322237
679397478
430453585
1243789303
1169552996
799652209
530402206
1738884947
921755538
867991630
1696767141
1625963860
1825931235
881747539
629633154
1609976272
366882543
988337798
485514155
150842500
1694834729
52766428
1989562675
314656607
1678689
2129569677
482216183
1663203415
1551023138
2057388896
874377447
391444396
582504330
110147423
1800342190
1312115640
248549762
19553090
1297854356
1075839458
1144418358
445727782
744083500
81284384
1175434037
518657811
814756030
884128667
1169591984
1729838323
1622232630
2094250787
1418072169
1928557288
520384318
1009150416
1536725521
60918451
1899113806
310376677
1814417953
469063411
2130195072
836255186
2030041042
524048045
1576188537
1258990261
1408648387
953157164
877994038
367343509
1088454555
181768611
1370454836
134087574
312146593
283181861
1924709697
1702856112
283568855
38240190
1442558822
1097892289
1900816631
133635814
481067228
1490983570
283249044
21796374
1481546937
1782977394
1099844715
1168831201
177499709
122408073
820809603
1559870865
1167784930
469163482
12638489
542072377
1689366203
2128058027
1444387197
97680359
659074160
652265657
1167233750
1695408547
1162616625
1617204339
1839193390
397314292
1890743272
905690783
1072588466
390197172
1321772326
1530458203
1778454411
1876130826
1910061259
2030983436
2098836934
1586995493
1266560892
799361172
1954921728
911517420
617187231
1574784691
757589244
1278537991
1074995778
1180979201
833241163
1064770466
1685188799
724068897
2133159025
327635688
1242635886
584238360
666333861
381981055
810795904
500824588
625915434
1479922413
262718822
1956787043
827610240
1605264481
1129954172
1976848770
2141279038
1826385550
1045087183
1332308112
1945568904
1302822626
698261672
40552503
223071730
1469795100
1397953674
162334126
1563029177
1319613365
303411835
1135109186
1174515362
949003330
791201684
1023278220
1974280511
73673089
1651920841
659582238
809909285
2032324719
1144823184
1963612264
2109402890
1179118366
1799494346
781954199
1567394557
838245752
1301885057
1132689314
830623592
1445594644
2109304066
14928803
1811784587
813562242
2114958282
1144600489
703049355
403995806
1385100934
1686135203
1184365758
127858
1963653591
781106630
198375328
933967157
490383306
1615982385
896468913
718170962
600578843
430655004
571661432
950879318
327599487
59124575
1030502506
1867753590
281933546
513052336
280883484
869101899
2020409991
923413878
45388146
588570352
864082962
290523433
1816291152
833442058
1739604105
751857556
1390089563
1388837849
2009985439
2004387964
1537043423
1636155994
2097374894
1071166697
659891692
1740332948
849964788
1524971819
926899191
1461056769
2075091390
1688454249
777523620
1379486922
549554763
1583594519
443361150
1668460946
650363779
1858084363
399552843
816117412
953975225
2122302138
494423527
1184703154
781990258
894085864
2014061189
1831302383
1280163944
1480230356
835867911
1232145801
1425251719
1061412944
1113144476
1618784048
1933007331
1918570047
588248300
517067126
33122324
45696029
1162505820
2100464995
1730361549
773445232
1776739950
53555920
1127194040
557162255
1834489488
923429264
1924429355
967712024
876764474
903881459
955259774
1562095736
895365582
1407045587
1159007349
639883895
1607117266
97368925
1963372514
576878828
511275418
359531796
1317059403
1230884171
1641205705
309815392
904810555
445943255
632789635
358200702
1030038126
757562410
952557772
177870780
794110497
1919676556
465664910
1714191018
1152441979
945988018
2084753737
1134768118
2100410771
1252540519
1440528268
1891281762
2101288862
1631809618
2133915345
1384189769
806675272
32512177
154273558
1577297932
672806411
1915306901
1545135525
49427105
1541138230
1262298286
940721360
423091007
613480974
1109023600
2119034849
1605610224
1682669058
2079938844
2120746479
221193486
611887939
1768677884
260016952
1902748784
542962704
2087251632
1429142312
828325885
61594098
505735277
1144038534
1752264763
948735950
499556450
563168755
1272171751
471728463
1922005086
619595491
516216926
194391961
1321939525
1169874267
729655458
1433623925
1914953929
1058247786
107359257
1771197636
531834266
109320286
878770215
1060402273
112286228
322450175
362455728
1293398561
612218398
1109727742
292869395
1788196247
1613099877
1257937521
1844394966
492048207
721626074
2146116937
31582594
1961747375
155110225
1530793891
2023608946
463895771
1018677661
1950721273
1540514480
295208380
684939099
403634584
607052831
1345978747
353931482
1452093656
1621877480
393547002
571798447
482359530
34543930
1124305786
630624554
1374866311
14462737
2050624152
692848905
2100165218
919331013
1414345896
104649989
983137616
891085521
1755237162
624783693
778716316
388828418
514393865
173471039
44474588
1721004591
153129833
1532511115
1370916365
53337010
1461929583
1513322997
595394551
858818673
1231746388
1608070513
1286709917
354925731
1262221459
1397354525
1789505038
312426172
1031080245
432664779
701661480
532391103
1010867097
840030678
1293238792
1805927000
810716777
1963918723
609139868
1252728163
1958565506
1647249325
1192153891
441515279
813763322
861979659
1621638957
681888469
2018956140
1360555751
286362233
1574497435
705283063
2000707148
337736440
936870314
982644507
2057034732
1448399805
836991471
439769056
1824807877
1008182118
570004356
207937777
1368748018
1856703406
75679664
1064400963
1433594793
966600107
933632102
1439299916
1453686952
1742634509
1732149468
729222104
768055026
586260515
1217038621
1455861544
794423956
1646511433
12210554
1812526747
819462602
291543861
342359086
2045153214
1418312531
57131258
743272041
892758442
18933488
838970426
1310492651
651780700
127603953
999921551
1188117412
2033781269
1886299665
1906190033
1323512866
1673824506
660332955
361641172
657802597
791735760
527157694
98138896
254030069
473288963
690323557
93340465
81380978
240859252
8229432
1093086704
1547544777
996771920
658162611
1428438672
854833906
1131175393
865506742
1709445313
1246732021
718301213
259014683
2036752514
247419702
1249957704
733059394
1656907849
1233567642
133431265
1296677946
1148145269
1782629370
484738234
835621315
2095615445
2042781971
625991043
831669288
587609415
1229170458
1236514267
1898570367
745837680
587231451
332007413
124695101
955198420
1101403307
1733176895
1616312796
1488537027
1555965696
921038128
829414032
111296937
583624276
386008767
275840312
242156114
1609824872
1367745786
499385399
5949082
74513674
730423968
813533867
897109821
842722102
1169950220
1225930836
216983326
35094077
107973207
52587248
451236823
145949255
450031939
763446897
342102250
29877381
877709392
1246176713
583514959
278412138
802607746
48244127
29552807
140377945
243034921
435995233
46994524
1063544086
1754036496
746557889
1329867949
1739657062
1183744571
20246632
929817145
11688468
75129648
796000077
263455749
1988655781
627400134
1881271811
1177099861
30959956
1471490936
1597127918
1803696998
350779479
1123793810
1730409590
1944622930
167864547
705833544
1411734695
912487697
1976452749
1437932006
998030
1435520854
750564647
2107034412
1512305536
1950758496
1047363487
2080462999
797632360
1295794578
223714190
598830779
2104091219
1628850833
1336728442
107674868
1198673217
1893355099
537157678
1223814354
1222487605
906639081
97722213
1153968709
160795007
1979804541
186932676
1809593845
414828400
1254059107
2049095899
1405109149
1874994514
1542843748
1671405342
954900431
820809154
66254970
874704245
1093980140
197091366
797183004
520068067
986978545
353435409
893098569
1899421733
1218206688
192018314
477367893
1829505915
1721352701
247000917
33690673
247493625
60086460
168395965
349501086
938678000
430623417
881561061
179942179
587553287
222362528
153702778
390632178
872470722
1816877697
531074630
1238948978
1801293703
639531269
602378080
1972383921
1411840629
1523864863
619640972
1148928929
1264903249
1436582313
424589802
15962089
1236532046
1892417041
1107006117
929890894
1825791317
595673531
969983406
1599418640
211368249
1330497002
1611080077
1751537310
1412415171
284181056
56565858
1946991400
147439259
316611621
1510281361
846329412
1530494453
1582079192
1999639019
1146767047
1391799384
811606348
635671205
783191575
2128135663
1231897361
1647508990
1181312819
1726839580
570295158
810078857
655686340
2108626313
108821468
1545212946
606481354
1643932249
1526583978
535269811
314093742
900538624
1078303584
494098363
141613716
1219923930
746341854
602917654
1918089481
1340574996
801191760
218017050
344793499
1746979610
1582043102
188660837
1357534084
585622610
1410629502
505867244
731054465
432024947
949590316
1245778414
1090899904
666291906
2060258209
1742323937
2099400377
1046766648
449943821
1481918359
819498932
1109790379
715660214
1194306388
163420905
867418346
714413362
311317515
1008304838
592158761
1927782752
1537702688
1001245274
1515234869
1374798367
411380958
2068820426
1081596295
648892806
314176710
468067768
1008632062
99075636
428531910
478334791
1046119100
972867615
588248925
2040990526
1291161316
1334804073
666722342
1230282090
198361695
2145460251
709720957
784930397
795049962
1100019334
1533122324
2049514620
944400652
809826186
289899977
1776327786
541225222
345451724
825546273
694203022
1809690019
1383784496
275979750
818531409
119559252
260480568
1222540256
1396394944
1324297026
406241738
453537566
1886669618
1280241991
1600058229
427739591
193954910
538904748
1814634529
1810779259
1751362716
249517676
769741400
2014845822
1632528282
11874057
803642863
840179657
1786609136
1899693414
887997961
764827294
528129658
306688688
922162811
659746927
1847545991
1307400169
1460617458
1989610555
1258492251
1103213929
800094763
605716021
1333127387
168523363
833640151
2007449564
955649974
529643888
850552691
1985035603
1065253073
1148172898
1488197475
571484254
1312470941
1638688794
422767962
56936493
86134580
1067812402
1304145594
134916791
337637324
1133382364
1314486055
1521610400
486127051
705022134
385362978
1579539218
930140179
250363973
1899917283
1191362245
1236067377
228009381
2139520561
1115531239
25249856
2130878494
1450060197
703721137
1527909743
1535623651
1418878583
208453652
1428260599
873731950
2093689049
1657210697
761427562
1181339277
1397280391
1035852898
1722197818
1312631061
714480192
2005203258
205574619
636766546
598855886
275790461
855646649
379619673
334570187
1533405827
2141883682
2044658916
1178816244
1250782522
697914915
2123784242
1907843787
438407146
1313655125
2103950084
1477669177
2081690766
477576151
1612529861
1111004537
1054087706
1240604410
1234219970
970065614
874851037
192838300
2020737876
449422404
1336070243
929838007
1259627967
888290757
1317489650
1302928020
424689799
1027213511
1877626425
1639094679
1011421802
146206246
786548455
1275038503
2076098525
93971021
871770897
38559611
889919801
330458530
572500465
394271334
1390337524
1530062469
585299218
582248334
679649084
2091033972
2123041087
288824466
743859668
79875435
533147930
965458584
1784415015
1973891782
463867125
1264046001
1557113335
1202185858
348759602
1043165294
2092988535
1641303648
1581488131
1410137086
1248026194
898531271
763611133
125622508
526942485
1518880512
2123379328
1915389439
1157355383
636923817
1401986565
494264773
162516729
1725220102
1409614074
28575016
702460189
1003120108
1702960827
976221127
1309960221
1387046145
1707344281
199140093
133411365
1333669889
1333247239
926070113
1922711912
251770989
684192011
2055864824
297236697
1458177360
1015188263
1163282321
1908963378
1905690399
1196428326
1316484828
1173131583
1772641229
1900466208
70693286
2019445559
1159031553
1211337348
780455743
1720661882
1817684681
1548929385
726649354
983673810
1218247546
548544367
1623563567
221137465
475014579
1365889154
1977548253
388590122
997341842
1663753241
567475776
1976234403
31011766
1315485272
662914619
1949791599
406692069
1306895238
1739249735
585949444
53267644
1141945202
1723064158
889338093
1098439096
1956607463
1374702234
882507443
1651222509
2086755661
1709730386
1126371957
704379857
2121238412
2068042485
1835940331
819223695
419195340
414156557
1152375146
844169583
683004532
814779606
1159814761
1585375371
2014173946
1683387263
1695014855
545210383
541663265
940314453
580789481
1981976235
844900789
515858896
1431145231
282410596
2035396575
467231570
591570286
1350181757
1466706742
604574464
2141463099
187177119
1393713714
195436318
322831323
878726474
739338862
612625511
1024279196
1926980780
1473555294
1909872054
557755530
1653112344
1360790952
1439417073
1797362434
259433029
818678406
2127275772
970638145
539867339
1710898799
1323987182
2000477786
646982408
1355744454
656998289
297819994
572907476
227348385
1571664345
1809334299
1736238980
835079351
511828573
413946501
382657475
416372023
467251980
448461801
46361409
20115678
892078215
984699633
1187342083
1070479162
1755288780
638806470
182059407
2072931425
1533572084
982288485
1415817171
865185214
150455901
1986410888
2125951289
300365998
674888286
887766772
1103113245
1667865007
1431130347
296685056
1724078775
1416414673
88477610
1333403683
1719600720
457614511
1441689060
639237050
644074957
1476829387
721948902
886910517
1151798665
1541231846
516594244
685557776
78069085
63085386
752935260
1684205492
454027366
1970553020
1749924778
158862569
159797045
1414522348
488345022
1253122634
539962801
242509966
2015203742
1520044601
1114652799
617054422
245932016
1300590385
169301713
1716012685
1772417909
1043473228
1266401456
250868286
1117533666
1001526665
639109049
559894799
469377115
887847826
490052278
937003728
885818903
656977012
1522049815
1316826336
1322539917
1477515941
744166859
723901511
520217662
1577115554
258940460
824218443
1896936487
663909015
889975718
311167792
1499883979
1328612180
1873010634
1742397945
1350399033
1860742362
1224263226
701481195
529952247
1441343867
1217569070
300692306
1192781011
1651651671
409511683
71987355
1203625949
1748297774
1386070281
834687346
875572660
749085947
166118604
1439237027
1539238310
251584103
342410296
2143936116
948246261
1075767149
1087724342
934074116
299755967
1462151069
1619616682
491740860
516872520
493362867
1231946777
210764020
422704821
1564947040
1316851099
1011449236
1502622748
1843267216
1879038817
948537125
1656845392
1341315869
281625101
985697098
1142948483
1144771650
1831908456
145621700
676645579
1120875133
331028876
2090840945
1953061579
1927102301
750416280
1155284547
1966990782
2045846700
307360300
641795151
293459671
264958338
292841753
278321891
1415156738
1654844514
1705818947
1477948172
58663376
1243488523
1963574873
1161238814
1882474717
1787159835
2078124691
1620935033
995641572
638254687
62964540
257937045
2052280655
1291837
1072944842
1189031087
2103505748
376799120
992532913
1485099768
730039162
1132555911
1436036194
1051289412
1696405057
1962715342
963297454
706975325
958201281
1007252508
2040103720
56338702
560793258
413232563
1562321331
1773427235
2020550803
126877045
1739328817
640828518
514187849
1729437377
1819258263
642929954
2104418726
180835032
1972448866
395670265
1424899118
821260726
1219167232
643589307
717749339
1488810091
470809349
1716818583
401047963
1801294772
1507721407
642904763
1809145440
774312630
964257452
1667120715
1939122810
1281788186
2099958374
1461901907
547699381
1264417093
694768369
36434026
715487016
1699224034
956571827
1979568877
141050730
354994886
1448725041
1973997579
1610218758
904633540
1864849326
55758605
390233423
672820789
1256986510
1913225781
929252983
1819876775
654728887
925483008
2124820786
297182093
1161511286
1229868396
1470489456
910663603
63775117
1966025886
159273096
939775305
594961709
562420746
2101513591
1407859446
1808768487
1074462356
927161709
761280580
1982867401
1841636742
1201259096
2123978185
1400962153
1967442436
103638062
1353533496
1350526030
1705114987
1950765209
1341748492
76768820
937928825
1474869469
1134136531
825660644
828760147
2028531671
670666280
1896758771
595414039
438684550
881393287
431636961
832459230
444218903
1272464495
1415508867
631468262
578277342
92510509
254260110
806371000
131633759
109240053
616985605
628969686
409368336
1617505965
92254546
1913869820
343476217
41044187
610511379
363558505
240293698
1701098287
1916270823
418147205
874063803
1659508714
708769509
1462369397
632242112
192459785
1959468927
1489211248
1750642079
2098546844
1479824710
1028863986
324237094
1494373301
1795904686
613405653
563788332
668761236
171517038
253267452
1002889338
2095315032
37675749
1169669278
1314686177
195481749
67036314
1424483160
1316159738
996730699
1514352676
446060552
1140812594
1546831870
1126111116
1538521462
1352257728
1656648804
650567455
317415462
1951135444
448488498
38066587
1545687486
2021265774
599870183
1775209301
362313308
1677779797
580984559
997863934
115146942
278012601
92463458
1193819094
1409320861
1499111047
459104685
1260788659
214988610
861042613
198314790
87168226
564359846
313611474
894325130
293914407
855863105
1694018242
2078835878
173943981
213588910
1198279528
425770104
1333245517
1284923412
1044758463
1811697947
1698710460
1777865191
48638486
1747080429
1318196156
1191109365
1972374573
908043553
1957668759
824235268
588313292
1614206009
755145837
403273898
1007291597
717798219
1271734563
91887807
595076746
2038155726
1496250706
788675783
1078080918
717618925
421799660
302712620
241840712
295473102
223834453
13425780
688326599
1427047357
702622847
1291719971
2131479445
432293731
398005522
742133767
832227620
279434375
206543916
1093178164
53769096
1858776090
763322021
1884904527
2147081664
1355717405
1095989702
1256973011
2006738064
1231980324
2033760975
272953324
2105891610
439930032
1889280111
1146652846
1249996932
552625182
410847407
1523167902
632697025
1871306507
967065109
268764740
1248124219
1504175320
1807208283
1907934485
2146225439
1693488864
1461204413
2135964423
2059078764
2095323729
1936270108
161960606
441580944
921792069
1521741812
1564340956
1537167678
833676061
1993334537
607571567
2059241555
1820453544
133452812
810122689
575540985
1174581258
1725333008
1889857221
777823795
1726423741
99854612
572437109
2081631456
793349209
1835690832
937957625
197078986
1932875569
1249289903
1023676322
1700840825
1926377881
815530985
1068003324
948663388
1340334120
1182611060
347982566
1563049799
1108449592
1284041071
1004682
1717384979
1024368311
1550408248
209276315
1155466536
1868415659
1512980645
1389836033
14530238
106724766
1237750198
1150840596
819581543
821644475
506996603
1430066747
802488668
1113088329
1145946414
45247919
19703012
1518246924
1569424898
1857663442
1974222114
507565429
418022282
443713814
615271682
996970665
809943367
1022097071
1263110770
1583054442
410818700
1279665026
1372959481
1683986469
1605591845
564823364
193955979
1651209150
1268942397
1113512995
82096601
1942559429
922903094
1050766484
1774234436
1526331608
74347834
1293206280
1219823622
1848686241
1843856116
1474965021
1137356496
1050658456
576519839
788583319
582034124
379120479
1793830842
1309954546
1272129889
2114669412
2135905033
710701422
1662125032
1718661496
758999047
1329906928
1684609088
1700977936
391534005
882003326
1994210449
1416912722
243004095
204585877
796974574
529587741
1102575036
839952330
1326896928
924453797
1415626816
1897862852
1456230470
597117276
330797188
1933858421
1956056350
43034214
381153177
1042561445
1474234698
201396270
1592312326
1454524506
1993302935
2135868258
1238682372
1450975502
1119309568
1880050758
2095839461
594040546
1483739755
827256321
1711975253
465617051
149586992
1063403811
734477889
1374445507
962492842
1330597676
972494363
166536545
1802203556
1912550472
66909366
272775133
396500446
1128901507
1213400179
1161204174
1880658769
2140692405
770141238
534900645
283758413
1086926431
290599865
626749062
1742846188
2061634190
269446521
1088373603
2059841818
1109606336
10725447
1955659075
423519373
372818256
1892460110
2105575641
230742510
906106927
1445495216
2016726708
1900727349
577236610
463764956
403853975
1133977917
2117223251
1452241350
594696600
1481843696
911928766
29463945
743181262
1052848728
1857331144
67491440
1372443829
1945228103
2005956949
1319129828
579732463
839217473
159438086
406985798
751856148
1661952377
1815518945
620226911
1524701798
1146916962
1593475419
1112385586
698197020
431267185
611455565
563120336
27846247
281067015
536900454
254242681
774025184
540959640
575377593
848144411
1672501816
877111381
226307214
1973244281
807712605
649253989
98037604
42291343
275867985
1511211240
1683993495
470724108
101758102
1726204176
1888331805
783065629
572107373
969311259
1083692808
1667050727
1757074410
471258100
1425620238
750157011
1294698998
188668806
157515204
1691800238
386252280
1356445233
51166232
1764072576
312028633
2138414268
830151644
1690650065
805455942
1728071969
1428372385
430813145
463679105
1096111763
424867178
224155027
543107801
539023125
696023710
655083265
1485941365
1173145347
656049642
332041748
126579228
1203464992
2001343228
947461373
1015630346
2095511475
1287870281
179803191
378377891
1095956981
995563219
275875758
506701128
179213708
1014386849
1411493651
1284660848
1606699349
334062516
27677329
253364396
782469525
500412221
511212294
497642443
525202414
742033321
704091208
1460589792
1081337207
1339166301
1211335788
209205218
969725374
350861893
400655658
9632145
872750979
1195554721
305928872
733430228
1482339629
1504572910
604198277
1056471602
1653168012
1608437995
965684936
638224559
940411666
141739506
427700275
82767440
216426157
281853310
591071144
136923215
1097047718
1873376347
977313207
347855602
1544899558
445080494
805148548
39160291
761880391
1301616728
585578344
649447497
210346365
1509140836
1060648679
592448759
1732336492
2131321304
1011915776
1084854367
1949442425
829139422
74024325
359967496
1983552969
1350237728
255381572
454356834
7128633
172264276
629988009
92345350
544158226
1374317318
747081796
101374748
456461957
813020581
261976634
324236057
698153132
1064473829
677350673
457806395
510252319
486277865
553541719
115695590
279026633
283700622
68762800
436566989
129468821
1300741682
741026014
101530826
591716100
881327539
173209381
802033861
1110546043
1665776130
1398704156
105305665
1108685126
768736627
2013634343
2089603592
1984407281
1974919415
1840020495
2124058154
892102955
275655225
1556295904
469726133
1589568593
188591190
1338737278
758839172
1550640738
1535352447
746692295
868683941
1642654472
638774452
1430538058
388679334
813222407
2113295593
1648277921
440473562
1605043078
1405853734
1720629351
963133769
648178105
129411770
435347897
2073565276
1452512880
871660540
147549250
108937176
699632887
1284360202
732463379
1866159657
951184938
1182444167
2106291890
107101229
276595153
1857097450
1987938899
1336582988
2052583128
237604887
717870671
156119214
815483565
1125830989
162111118
1831884480
1413666387
1788645165
722249695
2040002508
984735127
1912146965
635766289
620002113
721377851
424616281
926935798
436626628
1178340081
681647039
2015069725
1671854252
2027315104
1990224567
1736546656
672572222
106991101
2127526492
1349967398
1779739836
1526925752
1561814253
567412752
470688934
674526444
2093025212
921060926
563716981
1444150942
1883910525
1537404614
1054197221
1133283328
1032319567
1103574163
905325164
1248917598
1415597794
706811663
832418214
762935266
1789631152
198771663
93679283
2115461338
1895173320
102835335
974605902
1205243930
878733639
1251047996
1558439684
2129904434
207807387
791662275
1566618649
1305066408
1811498394
1527531410
1645418999
1347425568
1621928661
1386230180
1179074805
1973791981
86394206
825830848
593619492
235885667
242191067
1120506163
1845606026
358741585
846602742
647183065
1696394467
1628171442
409339359
351365748
164694784
2107120018
1474623965
419615348
2119322281
1657520667
1840722804
1282798967
1455939666
1351421023
1245162235
245365384
354094002
2137955111
620437245
1118594481
38098765
1978052406
1744671340
630436894
1192826201
1765677102
1131045582
204316998
167219984
271942849
1238061978
1624192576
331863633
872678036
1161368357
97579088
1258330534
1563698730
1349785992
1055104724
223364101
2061850174
1691909679
776458569
199065144
1939624245
1104435550
1074623588
1815547732
2019215364
1045795411
1442471086
1045532975
228016349
753501731
83638613
676751961
2061306968
847893614
2108778767
278534210
2099541537
2029660801
66283686
423258687
1817017139
1323201184
1576330918
550560697
2091846544
1309575550
211410941
116178883
2067766964
608713660
1366893028
1058279202
1110238464
491318274
1575367750
1180005031
974879848
98693103
72894395
232950058
1446360983
1438205207
1201758310
1781652620
743593538
1906178114
615880881
1942344994
1485115774
653948623
162355388
234567282
1338518089
501881991
569267216
1057105036
46060945
1098897582
2126054346
542807029
730266791
344039454
565605130
573148096
1413908914
1914662273
89254078
1117118347
1750523716
1428071583
1438821682
2073453508
130414418
1163146973
997103235
1342817914
1904245395
1939301022
1373332722
2916905
2054921926
985362391
1287858296
94676594
1293377380
1826959934
1037205389
697701088
714392979
2108738628
2121262189
254222914
719803343
2022405393
1575861753
679335190
1381466559
1196793436
1898335846
1809243937
375750066
1096031783
350372243
1113357633
1877898894
1567005342
826436525
427226373
2086692681
1982300790
702560478
838043573
271621287
1557082472
974907695
303763336
271648495
2007470105
2041659350
860806062
1058816589
715345384
1591062030
1905642126
536558114
1035327133
1383757406
617900995
1263822908
1730669701
735154818
552740670
965008184
233887253
681008791
630354771
119554690
1996614483
1450739077
2018430647
283881695
881863962
1155886442
1491158943
1959063546
279850160
1116962903
56457339
1188587480
2016754234
919410209
1679265137
132461533
1858160453
584476401
2117051267
2035642731
497640585
328127148
591072951
1397573770
1588357380
702854419
52176661
232224893
806506629
552915931
1238201457
124227388
792128119
285334982
1293578086
941145665
1513730740
1878991405
175167056
1186733952
297337018
1690209342
1660845790
81198855
1924064990
786895663
542743274
668949361
1850406122
1738385263
1531673680
1048501911
2107346714
1609130220
1751792236
1900955385
1037294661
426679122
2067391605
934880965
1971713873
1028064155
861466848
1286449892
1552627674
575998381
2141494222
1895593035
392672226
112493833
1088586281
623430946
375474974
801329960
1049694302
83835620
761265400
1920761035
803341901
2091156072
1653848426
1250293349
176924917
1976721852
1657525350
857302518
1383958842
2047495786
1637418173
791703806
286680589
635422224
2105865676
1263172819
475764167
1365238545
1372061773
2026635054
1449161346
895221102
892565711
348754810
1941048560
1788087564
1456688918
2005899215
371438737
975740178
445956749
1770796785
1552359233
270502445
1975294416
500750482
418457139
1661474730
213061966
1999494593
79744925
602211755
40779022
607850759
600912125
1473012802
305086969
540982263
1095060832
1712637779
1245816352
1876416927
899655259
2117694484
430794177
1644524856
1111598249
293248362
1022630447
197296165
889836813
1460405818
267158896
313485497
1201462811
1730992976
97665871
1266846315
1818695003
813458238
1256391452
206439089
1727789108
1190816782
400156013
1784906128
575742338
1911364915
1481497637
1462013635
565700816
1931854333
26558259
1833127846
704313640
1831136393
339715946
2143528417
1465698128
340140437
721155620
1142036082
491309919
1367645650
1591173818
1791753818
1136010710
1907722748
2056481918
998754894
1133647977
1822319266
796497036
72840146
1110825294
810556405
997751675
960266004
1424484288
2036559327
517982333
1101017003
598440999
955680560
656206409
1049074884
1129059097
1973568267
1728805999
506962696
1495707109
61844064
1232880317
1640420252
1732795116
498555337
1263271416
1827049796
459051406
903487722
1337856077
921399570
1395448707
1282418904
81544880
1555848461
1192542902
686013964
384370014
919141899
28186826
74832056
451612509
499215865
1881623809
1123714257
421264215
300053007
1978425159
1132973539
717021684
533541391
708269508
1588788635
2102261775
220858605
956640954
1234944650
1370440685
816766483
1331252457
174763091
458597294
1046314170
2025657299
265571631
535316642
1841173265
1068646217
1830113262
377828565
1872937436
1150782346
44955578
1534964872
1638887358
457840507
1235091629
317010008
1119084975
1966149783
629361058
353711888
1349749538
1501445884
1419218626
1586959831
207947183
269808705
1341152679
1229404606
1488491308
1192310187
660945750
807822658
1578326779
2059093393
716671717
1854615369
333302994
784051037
1429141854
553457105
65886422
1242008098
1765367915
69188698
365845172
106685392
1238555540
1484859161
1482684370
468187047
383166383
848346268
789415319
752720102
1340461355
318199142
856570677
991750941
1418800602
376755662
24913758
80026189
1111229197
1169716050
1946945927
344849767
110893589
1073502315
599263814
68244050
1982850174
29736387
1909399396
1102776135
102052300
601415776
597667112
159233351
688033883
1772435523
2013830354
1048632011
1964246199
555999735
310405789
1021483659
497212985
1477755634
1298183854
871005520
1916465125
865867355
1889050026
13434554
1925954326
2040532231
292525851
224658579
1561515208
517705495
2041435843
199702315
1883173765
58101494
1580415884
1734518293
598825682
227908215
1748006453
529758696
520022678
402794072
404375910
1878780207
206609713
1740221216
456271063
526029015
702042554
1829871866
582344175
495930910
268613403
1775903749
1584388616
1901366219
1805824702
2025095731
1690215194
726109659
163736038
929438720
375091570
1392772917
1838989250
1386726848
359631277
1496032125
236760223
256263919
1016227335
2089257084
1024165346
1614494500
1460227889
1726417652
552981201
1597420249
1513250494
2073672814
1703771148
1412547235
1022128007
2143077338
803757634
705511813
648018932
630817296
2053825957
118623657
1762709866
1711765618
111458690
346177683
2084299841
1629947608
1668006419
318281370
306114215
630228056
913237899
293231064
1249636116
2062637159
1521711244
1347038673
620028848
154733007
1943313896
1847599548
73851111
1403919450
1454520459
210975077
1235927357
1652741467
1656054911
832014504
803142230
1078864063
1853393238
333993338
417573636
125552540
1539585607
1274775005
1364504356
1099266113
1460208304
327629895
2036180000
751210401
1604988589
608380074
1299519110
525946261
1525562063
1433208241
762816233
652388629
173190911
717912824
45624361
1574508012
1723509383
1942293779
790646286
1035087061
1403839943
1974102616
1988723046
412374144
1694788605
3984951
1158184359
1795387856
413284899
1779034596
262190828
570100151
688201025
1866422943
1723689959
1806230628
1531856088
182882583
465927585
1739173756
1286286210
1476965488
1571220856
519798453
91677230
579905373
1204120914
2117097893
130886024
1004371905
1013601358
2025716189
299477893
1090880318
588884204
1835938382
1941944372
1968616117
1818745426
936698182
1775411471
751247329
98126498
939724452
1369834654
409911712
1937700242
1930333536
1753981032
145373025
479808213
2135517637
1978963047
1592478809
1736816106
1959576973
57103198
1269402766
1040212314
408357247
1491173144
1741151611
697258978
74251013
1806087332
575344872
1812817491
157803775
394755076
1261575105
1522113700
1822270953
553992427
2018338844
959218616
1001416729
1671949095
569309047
1248399689
1981752057
1494911417
1819717145
1371151907
321717074
292101912
78154202
102405696
511247549
32877358
1747689141
1258948882
15030823
947988577
577763396
385079160
976449558
1284623059
360288866
35277538
195463260
586844386
475273057
314841861
404089578
1792625479
1039287848
361887452
281763112
717447052
1203381587
769874065
2042988368
981112803
746015142
1978818406
240610221
1009407739
486063714
1239668876
559143729
2104521451
1942560603
721490121
483314064
258739181
1085821705
859950761
677658024
249522032
757065686
229108077
1817437383
495952317
1179383345
690728620
1623560168
1305388317
193314790
54636033
1605022529
1361128101
2047521697
1759263401
611191712
1679051956
25144664
2018979328
1235432803
1062566552
663338673
475937274
200579236
1971930222
1464151710
988071689
1497438555
1294758070
1979828600
407737690
76080567
1374825829
1403220823
1589427919
1949421167
1086184413
1484126109
225194959
976943570
1760383902
1921223666
348742363
813264752
496548634
2054117893
1931556734
365013206
1130740138
1077799450
1878114792
1175081704
535476716
1698810004
1079845181
1088392972
1880209349
1516335697
1986013657
175372155
1193273525
22670389
961853164
601190163
1867031740
1519255878
181591953
204262185
219058408
1034001961
979561629
2619203
1101010810
779404709
381700688
986887082
56796151
401834104
1315859679
1307142791
1587440518
1526527152
1246603310
1011817486
1529039234
841680764
286212276
1888705674
677790479
1507949739
1609624609
47043418
1045960756
1636944324
1600961987
1721000683
1600500008
2058861657
1262976129
1488433257
216308310
1577217196
1016649529
372356493
1226672620
1172050959
298889993
587420019
2097968400
1244726775
386061613
619737888
888529667
809327708
536528845
787766319
1636648789
1272989699
1180461792
1119510253
1943768790
1657990851
817759323
1650653727
1239988861
716668663
2135931680
733729931
1334115553
571123273
1172293103
444825012
1986960326
1968732996
417839308
789240380
1473922043
804215990
110547368
879302722
1570742058
1298748267
593089951
1062711319
1550961906
623022000
148597546
824285012
1363991685
1629196624
469505872
296812575
794441378
831966284
256443987
54363983
534830574
1171496867
606667009
218518162
1417228461
1419879002
194423671
805048898
1431035516
1117656030
505552338
302952760
542659084
461864487
434807032
313268663
2132083541
1192862920
1267168086
1299291292
1491831937
889664636
1794526136
412830295
2092156270
32151462
1826105133
2096000898
750766000
372501159
942792816
49905301
2081660090
996349878
1533589910
1792410836
55095956
1052343680
2022499627
586830949
2131327400
743845602
198934624
1777599854
1317219555
278189064
1749456370
1802589914
1541318476
1518167266
1518833624
350039160
1560010971
440094911
631190415
1259194401
1866833776
1785093545
1425575745
288270952
1783357314
87116113
325263794
293390182
1564122462
1469510787
1370254518
1465135288
1808242142
302030691
961659360
2128452791
1383627460
202474198
790084243
2006351805
872382841
649698079
1882540230
1988291771
1773974660
1867860984
661495128
1995961900
2132082002
506250605
2058165894
108305116
1939806835
228144162
778345447
1910184819
2013531837
1170696390
2064458987
1667180179
1154126044
622340793
1605810436
91117558
1239240404
255208894
1557132325
1012407378
1480060663
2024811537
386278930
1649871032
307762001
1566767436
643584354
1633388743
2096399904
65323754
180326424
2023255618
103574034
1949699920
1400646726
1291329174
636922019
2081625105
1622078229
537986696
714233751
1440569409
1362374680
199940467
1679065953
993680802
795176511
1260019987
1343738410
886422162
1460588933
1336996807
915149462
784712226
983593921
1896133961
1980910630
481750505
237508495
622221817
349661063
1249595010
1590517379
1273577878
350400794
699782618
1108787521
1362215734
987445539
1568062545
1899007378
917942390
1416238402
410727021
1487674147
549715599
792563929
1323461402
688491473
2109244827
1246866731
271751590
194496255
1946921785
1282853535
1295977238
2036275954
80264993
797453003
1525098104
1234446428
2099457765
370449399
655324146
988132990
656179816
1212203225
1416437435
1386192965
616816270
1125365614
872762574
1424719519
352915835
1308994792
531883755
1375655957
1227263924
254858602
1430673191
1166761967
1200301419
1810304411
101857348
1689030374
1479141868
432067555
653395212
1380690101
1171402097
182902309
51021677
2038524393
349068977
1439309125
216330553
1162452177
1257265457
1436775677
966448598
35580467
584610075
1100134849
500427181
1285145048
1491258661
995550148
506710337
96356160
237851581
1955993008
1705603879
1521688873
125384327
613872614
673934833
710808326
675602966
1750282971
1663528977
1119261524
146937692
2130002664
1212298765
1583866733
1788553182
1461041648
1270571238
1935051425
843006769
584791728
484562613
677852777
1438225791
1373018632
616098132
509865355
3780402
1478122948
998989358
1231927575
930299267
355601915
54264384
1367863083
634174599
1163311160
1130051874
715821249
1736204203
2085162513
224644661
643823580
933179601
590718863
898473746
2097623536
70878461
867275844
1217446204
2144230727
240044217
1748632283
646224524
139090475
2022767679
1842402884
319529863
1745187254
1473118540
2031517376
1744417236
641798492
1987757355
1210277833
99622759
1541286329
1277391239
2123512231
1804047856
560915294
784906661
854415709
1062314090
328046969
6448916
459622149
735455372
1846023448
690219236
902644541
1611620584
2120130801
269367328
907852348
1572121479
1768443017
1878514726
1526233397
1671678172
1853381356
1147250141
1452709625
698384808
725127297
1239954518
1788379454
576137977
2060710862
222115265
592647380
1419871731
1369171539
802912154
329517371
971032160
1550350889
2103904081
1840177446
1345583694
748846983
1644798093
1698063396
1679650968
141938728
619136143
896275858
1378811503
213998139
817283813
1161174447
168569432
519182394
1099949025
1565861358
978469566
1845247601
348445047
1309920834
829289865
838040319
1399735394
369658570
1005697443
332356717
1241206808
2052989334
505502396
1719089843
1358924084
290042159
1478553315
556173365
1399848197
40053451
2085204044
1236821578
357156886
335309883
1289684883
662533747
565817875
805425801
959895965
726566294
1315828444
190431998
422213694
794602814
557019381
295841240
13789308
1554290832
188150319
1143959930
193542013
1537019152
1071918351
1373875545
1132878366
230341712
500821818
1057283887
390692125
62706357
1651220136
930305054
1596344536
60692167
1964799079
655695757
1574413635
2090230672
1240176222
299592577
1218515451
1774589101
1208092117
1962855453
577617818
75702290
884933723
593858829
1540160291
1400956758
1110229021
908049994
459704158
1254582136
2086093316
137413813
850058275
1312856267
1976787194
194595123
796814868
2029702163
1139183876
796483848
1934048141
1001808993
1096275554
220929283
300795759
233463598
354634175
818544706
689958792
222770511
70108906
1692369432
1885447679
468121616
575143401
131262986
255888763
1123738371
1233171856
350178493
257860576
968910685
2104824788
27244272
1170293596
800501610
1628617297
266885978
2086261370
979614698
788580558
620237135
1934167188
1799930212
400726561
356442019
1782780504
1024299032
213151478
565456352
1914748102
1955160727
1381478029
1022925833
608809765
215112258
328034236
1220333094
1123958039
1458035538
378052370
1906394082
881809556
390936392
2105704713
1328772042
1298412105
410858139
1578178399
2073425969
919028606
1964351353
1705206744
1250125127
1478428269
1065041659
1223058329
163573787
289191095
5003536
1611481958
1845853814
805546587
1239475166
960073714
1580687854
1316310474
1542189681
468873672
772849614
322878805
294373954
2082657794
41500751
1754742637
242024313
501170415
1904013250
1625286364
616210291
718863013
1074465926
1125999397
1586848541
306844133
155203603
1164060531
513723442
115000007
521080452
98077768
1643596643
726949414
661203297
238640806
538454343
150629225
1018606972
621244829
1791455217
536868261
1191916270
1140143803
1512513309
2126700144
192236627
775806600
53294891
910162889
1980010414
1170427504
1842824008
1836593329
1522198417
949183662
2004313475
2017475858
1393898505
1187088425
281561078
795240756
1013096894
464559505
673643761
314968500
190396077
801010392
2042363307
607541520
1950542236
270270652
2125328636
628423696
639184262
2128202168
241354581
332042229
1828857473
1903477801
685863669
1003659275
764216020
1795598901
795620112
1652261727
355660204
2037315180
146577826
1075527227
1011014359
273273344
915377603
1799282722
1882703499
1496410010
958704462
2116794183
909785269
242447475
763009972
1236767617
966360281
493907331
555100519
305605102
1707881152
797164113
851921224
395501046
1885079425
1363083415
375293488
940988196
684354673
