0
0
0
0
0
0
0
0
0
0
0
0
0
0
0
0
0
0
0
986569619
977227013
9934743
592137
65793
65793
65793
19343142
19474728
65793
131586
0
131586
0
131586
0
131586
0
131586
0
5329233
5329233
65793
65793
131586
65793
131586
65793
131586
65793
52042263
48489441
3026478
592137
0
0
0
0
0
0
0
0
0
0
0
0
0
592137
592137
0
0
0
0
0
0
0
0
0
0
0
0
0
0
0
0
0
0
0
0
0
0
0
0
0
0
0
0
0
0
0
7697781
7303023
592137
394758
197379
0
65793
0
65793
0
65793
0
65793
0
65793
0
263172
65793
263172
0
896301623
896301623
0
0
0
0
0
0
0
0
0
0
0
0
0
0
0
0
0
0
1313401952
1263114558
62932801
1835271
15653899
14087985
0
12230849
10066757
17425298
26001570
0
0
0
26001570
26001570
0
0
0
26001570
26001570
0
0
0
26001570
26001570
0
0
0
0
26001570
26001570
0
0
0
26001570
26001570
0
0
0
26001570
26001570
0
0
0
26001570
26001570
0
0
0
104380177
58175178
54128121
258549
65538
18402790
17944550
130817
202105
1708050
1289083051
1308938270
0
0
0
0
0
0
0
0
0
0
0
0
0
0
0
0
0
0
352255466
770764739
562859115
353768961
581412741
1470473550
270606609
1501396260
1604757063
1749962214
1863981483
326925417
1419483975
1237697916
1353230424
1286647908
109019001
1550477838
1430339820
1411523022
1408035993
229288605
1186971513
925444338
1117033554
384889050
62371764
604111326
1223289249
1341321891
1289674386
44861023
1346103828
1018237206
1226622190
810874519
438290937
645026726
1700142839
869347318
68555260
133626246
872913945
447156593
741634885
334130838
23958160
856988437
176417212
476654061
611085636
314737711
351581784
618559208
766513258
215874733
215922831
665451217
335481191
425762200
985058585
361861926
652504817
598356060
741840527
581516577
174198714
960083212
736122954
861195954
644786656
93511443
853940765
562468022
856497291
610265162
373620813
678373834
486622404
400584867
975893778
284351844
436760081
318713652
366126189
416590706
69594607
563824641
29783417
235033187
134223672
82021615
200952735
173906808
183657287
174829461
43666299
164785354
234010777
272377032
233966354
31432643
282506081
167226726
202957395
157010088
416743
160087536
229554999
236448784
154429358
8466168
164512097
179424603
208428559
58605123
43240112
113363131
217839326
205985680
171802955
118896921
105267573
291154597
877137052
345316739
305563336
109878958
412334076
526406525
84336805
634463246
703134291
8713136
60667439
258177228
228118639
106407686
211637515
364064668
308674838
509145375
483590258
25022737
89228857
462776744
614912992
408316242
434582238
525943187
473599344
951040810
986320153
589548919
467574008
643072915
679307315
378661369
607136033
657721705
595625639
1827427704
1275525189
670923413
479681816
555617057
584754641
337917965
605358790
878313470
498308851
1180507007
1804282102
185971549
850983517
616659248
256210334
1159217100
751986575
14080656
263570604
1957115430
573658843
387764705
1903225860
1209238028
619473297
1764223041
713030740
746880347
9494912
386581091
643625386
553405349
891365281
18962553
430325469
12793643
298239306
824241690
104091143
257847515
797163940
567995767
1088291303
119658602
182671604
18194245
571137336
65837297
1303744112
89968085
1429558595
376838151
244274581
847471315
1128169101
639908224
980911167
1140950926
257130417
571984286
766253374
985135974
1214296778
386695
142821606
5679252
672609077
1159047568
751028784
1019992191
1082620445
232258229
362445341
157842697
856197513
579841700
1727100411
1891681716
882278518
1045114096
149981210
146406716
794177399
1652563025
1803422507
1638085667
1678992677
1627127921
1807769781
1373170152
578485153
950086292
1004438298
902583578
1897748941
381404984
842223245
140470664
2056493475
1302791753
1339121569
490470267
291572403
2101711313
2021144225
993358164
506959273
590301652
635838767
374969472
1386908479
130225333
262483243
1151052989
2141262978
196197178
2112608140
1664017758
2108806947
1602872638
1240533559
310411638
1118741986
1046386147
973941204
1523392695
2136512197
1815273382
74891181
1886968663
1908873662
893371750
978482689
254398504
200793460
182734916
1318881840
1388344806
1132440804
1484667302
1989858640
194696682
190084397
36829433
612262768
1229838824
101483925
1918204325
2108206862
2043815204
1720723813
1155220124
31071274
1863564703
1543635899
961449288
449720247
1632896012
2010415530
1988068766
860483371
680352555
1369103345
1290537477
2055042164
1321823640
377090535
1488387902
407410375
386634237
1673589705
530036926
4965784
1535709216
631061190
1942767181
810154215
1121516696
899679184
576166458
1718116394
1069895085
706521455
456738489
1395735077
1420099771
1009827735
835316415
1556938946
316635798
1473819061
398624274
1642932358
1203218245
1142975428
208215701
1410129808
590538775
1414094012
1784019243
1945949910
1474118496
1591259753
2080564636
1986472832
1338296607
510441813
1322888392
2102067234
897414965
1365836765
1366997109
1433831883
1173232001
438418196
1063255930
772353645
1156929417
1628001301
1491459096
1351349461
230503767
1468704814
1988676040
643382906
2042910345
2021370449
2108169393
267750132
1138527524
575443510
78594711
918270532
1974708951
989752447
2086730486
1173342972
760334265
721782260
1271585579
966510855
2102353196
1466919353
656320698
199842374
1749991337
1489367678
1858561452
1597385676
640465951
1000735685
818468038
160986454
106959480
128167384
1063947118
214618528
529796427
1050777000
2145720455
232016035
309611651
2010930076
1978488788
658854830
838896865
1184158451
1934961237
1864412081
487348092
1574321156
497962121
2030378292
1624294951
942116408
1034518412
1537518147
1191150354
1658721092
1233314491
579800755
287015586
521353193
911331406
1193663306
654250746
671221695
661028090
2107494371
1608108488
645929413
801083302
1182160011
404149037
1149534143
1101182959
1534402449
2090148487
277075083
1878348193
1988679876
45398721
970588623
1098829466
581799219
665915225
26374111
1297109101
2100187801
997517737
1554644353
1090455502
347817699
1270184655
251042408
1881366818
929398093
1634188078
658398171
690842526
396401119
1394319820
1044306214
413370143
1950194720
694406276
1811980545
1858287292
1035566886
538423654
1305408007
446379922
1676194534
839338345
1443348448
1931982147
736949580
1881069085
731653039
455955604
2094622763
1380668324
749983091
365316855
592292329
1222093801
1300101637
1720183505
1289327332
1894205077
944947019
1910704743
1130657339
1873240626
1901601353
1395339473
202649942
1219464949
1292922393
1246116204
1175165298
320023581
1465355423
382590185
532253910
544668702
1121025362
1705968591
310262815
352874326
2132856925
1342688184
1014047200
1636603510
1388064239
30563599
1092795815
366866743
410013491
681656319
382361521
1224425630
968998132
639993806
1592122515
1142691902
2004754505
1877965080
981666571
859383094
167057442
2005374887
1425265943
36347872
1320445742
1102779526
711905340
1106621617
1279919188
784214861
1952126390
69764068
1887604299
1644223761
781738303
245089272
2036568970
261314483
1457620797
935916325
105535815
1414633844
675978904
1640725432
1303146883
1057003021
783338554
261022406
339607751
1486887961
1124413938
1967187826
1926182058
238070015
892231301
1215841082
360364459
645568431
230418507
1075604302
2093523054
1650380740
1363741589
1926062431
1494908880
1644834385
2077253633
1079436564
1456931020
2066549307
2053298679
2085595031
1336277254
404382896
1364077612
1164892748
217788461
66410132
137207387
240361189
295985063
20726740
7506213
205216852
103324085
460572178
103878400
3259791
304384355
150943732
461513868
118756847
559340736
781959357
616357650
327784813
371557325
119257645
762489756
448203813
230981817
221357512
218746514
136053030
322397711
435075829
98215538
180026448
700454410
1530895172
671016371
1486762123
84627560
1906674654
464289048
249231236
394229110
618136850
406052097
1461638690
1193856213
1099681114
1189607834
1185228254
1228620512
1181672306
907043132
1364322056
1060044802
538080046
916287089
1496594427
1506257247
335773844
1284968134
1178823984
1556957363
352455852
1990450659
1468144674
2072496304
1408059746
957270881
361363125
123290110
408026591
228019129
206414493
244092402
268599376
224772528
197898016
203974499
172400218
130044922
98616624
81388072
97665195
68889873
23771043
17789303
6282883
24334878
757401
27178966
22451508
13356026
5823712
24791064
213185587
187963422
21653753
13926753
15265517
24275132
32466866
49765641
63097117
76906828
99776074
153455657
98562389
40867532
22422848
3650294
44672489
83631058
49233811
20154262
12618975
49740387
41126183
10821787
3351053
68549407
46886938
27936268
189768650
415109107
149920281
91927066
107266452
587118633
564489852
164918
29912476
71407580
47082026
52788845
182501644
437664441
281705341
42446869
222052137
241117049
50498853
52185154
25156940
12514759
241091866
246710199
3958580
89941455
72031018
16759105
62701583
15056484
18521347
16408078
16722952
31008969
16666536
49166815
62569022
13048695
34522486
107370572
101858258
15703624
17332896
3370956
27239898
91314468
49042448
126256716
217929988
158607323
46489993
18488877
35099388
27926530
9291001
53735339
171626845
280953799
194429212
31093199
46576962
76438393
54330574
78452575
10963810
12741915
40899805
6462043
27277456
117607124
71776789
16111977
1660662969
1667503588
12155295
28377708
55382015
93216423
28699128
287185566
564262946
592656398
382517063
98889398
69741475
29398338
20070728
33704357
21050197
15765862
28904680
80931203
55932293
60430690
100274092
57769651
60468142
117245208
184749896
123356286
26631650
99537834
101796313
64980379
118996277
164897903
312966274
304189370
293517212
339187566
235734807
282120727
242457347
153842958
149937834
1515036913
2049320696
1268872524
1734509026
1291284510
1093472806
2065792397
2109797472
1167653538
1279864819
357795682
1767901648
1536083561
786400008
1047594133
1445526788
1018566744
360437939
675810803
1865629869
1493554971
1944650381
619960364
567503396
973457556
255349060
817043587
259499362
462073896
1157843577
1709995978
639833343
547099560
388060686
1615246667
1124953083
905174432
1762900997
602219529
558572359
1559077185
560103148
495432894
1497262950
1130625203
2012334353
1749975871
1294324315
855937427
2119736812
1306795910
1351883867
1944153884
964044527
37214936
889047446
456874206
296910104
824876763
1456507528
1693406228
1080281558
1713792309
1897533677
1860802944
1478795797
2024508887
1492887990
259319021
606018588
48998944
717980320
511618136
53390527
50303098
122402913
515497171
49496683
815315736
517233500
989351470
182225705
214907388
72863330
65178263
456258028
212108810
1058293774
1887757945
835243697
34201798
845735139
1107279244
122781166
244377629
376192667
490999897
211397891
333464166
715588359
766003326
2053887402
268466517
413351381
162645266
480396123
130245118
561419864
160102851
1150115962
632171030
1081452654
44882156
316467998
619289427
1772372735
294013493
82707955
778888429
817020889
1080003000
240443552
424545779
687736033
408810126
121780303
599334223
28141266
574880654
210385192
822993838
174413458
168542399
127802997
1381704843
1759520393
1056775172
190847266
788419504
1519174254
1185991686
463371653
9317511
763810294
182022624
657191369
333619672
1085131070
109473645
403486811
1509177472
2127532246
2049035049
677641466
502806605
1076274211
1683925277
260955047
661235153
464228055
422627038
392968164
58523342
167697388
945203966
413546278
1598003732
1683408039
1093704967
805587026
178872087
191617914
52149176
44153021
498250834
411413482
945216041
388529424
90836525
1303698454
941069042
161736548
1308061325
1826750107
138799376
214457310
933098962
317980591
171193499
788184696
1280140491
590849530
415292386
719739135
364686978
864496114
2065133519
1787241325
1354197342
2106453607
909308702
1878120645
1314083104
956623513
484195482
93895950
1285535103
1258758778
723190791
852023588
328864483
1416782657
1798327995
1097046467
431429931
526051649
106729947
784644721
1264879870
1288203871
1766858734
1225563463
1707316809
1954103207
649613532
16754774
363616462
912931915
1878256368
309695390
391710646
1185761267
1189394541
1898803318
1453845824
1139433009
1830949940
1084137448
1150428156
360799078
1657576134
1609994130
1559876215
1567634295
683796358
1034118730
313998841
611386774
2146993990
540102422
1744843614
1326700061
152710052
1211146293
2071522541
1382771868
1637972678
440294765
855163025
1929238915
1151025659
1224462817
495570489
424093909
1795941386
1160614490
1222834397
667600769
1362358087
2068803398
952239145
305580847
2064723484
1992785215
642636124
1526020383
1000630868
2089385431
640461958
1000016382
1324356849
1403405757
1944546674
812213514
1627719432
1688994166
88542053
208701798
1041577057
1153915152
784455574
604787761
186155895
297660407
618655116
349447916
513827243
380127509
40851695
417143591
422499082
555139024
560036269
109633980
768637035
462771675
856680006
466261289
652761451
1539241396
127263842
278371447
1562194704
1845643464
892635695
755542173
660195273
42861669
396704658
793955958
219923952
30706501
739723859
1290863317
824877973
1046963390
1125393040
278233989
627382537
658988949
611302026
942528186
388520576
613422168
846844854
514019561
605978492
1800628980
1916155357
1681938965
2042719864
1947783753
702683709
896959581
1113704547
226943002
113452521
517159601
717647069
116027018
269334361
419849979
208481786
241758338
621890933
398848476
704064535
49731166
214311160
523648926
29144408
28211632
843957293
1178433879
680322869
742691124
779300685
59270429
735412116
1052931573
115845257
50318904
319480344
155895754
439400483
29894145
320227297
263809127
354321595
2770497
315145815
476096541
199660011
97079397
421636762
18907282
153591742
716005201
304013697
877226128
652611660
763151178
38039261
184796002
565816247
57207855
383260674
69156812
2232316
280684412
118263475
284860644
169591870
50720088
348008481
154514625
423493765
240027046
158914509
270663287
38497259
41576501
825452913
1602856686
1023018560
857195639
1088957489
585391782
986835384
1022329561
49020278
113339186
824044524
1272448746
632852821
890499167
1240961178
567213677
161760424
187656716
106219008
465428396
69537144
1095572541
860282775
841615795
40208749
2124097011
647590095
590896616
683751759
939153047
1040959479
611707988
1270121580
374316583
734686193
187850848
2011068005
1476133004
1737649770
108857498
1953334864
617407196
860909110
388307914
1663156229
936972601
2053759871
375884538
762286636
1771243177
171213808
892372806
1161812522
203719100
187699478
765342035
954483065
431771860
1048380759
1856818596
1899739055
1203793040
583354374
1937977506
1501774547
643008885
1278703476
1923569365
392376403
1125920123
89692442
736415736
1255922133
1243230071
2146598622
958415521
1150334731
240640035
395118608
694914835
568849406
399738717
1046644525
1067449213
222107826
747281211
1134950237
1413205876
1769294136
1488846817
1193098158
900419001
1438073202
1111493757
226935903
632386159
561407448
100761764
597099305
883021428
307209303
432083345
1937765957
2112520636
1008287465
1454973647
1200806852
844382383
823859962
82569434
439770171
22828697
768658230
346771409
298218391
387771880
469589780
600058179
477830383
317189503
51450541
177635200
183275497
216489484
72605906
654257425
1017519131
497921127
865281563
1068542993
293618906
77562682
8464820
34282217
18967649
497196650
596330761
779547749
807087317
278329255
238189709
619017196
508433607
1163450598
683633605
630745042
445204245
522459873
175684191
880976431
780103302
578659460
1193377050
732687553
234342949
472857994
1024310459
715088918
1603214374
1356202772
1394283520
1011035290
1397060476
1228376993
66861203
1014473081
1179220742
452242822
573663587
674769141
862982246
931300212
293636292
844555483
266426015
502263018
110893817
1664867332
1815399902
155158891
799817299
1304588622
21979892
523695394
155342934
138389204
168807456
2031146885
2073585702
185167723
667610200
85061535
1597902607
1149768933
489548193
374649308
198313942
676044962
493377386
207357022
189900783
135075825
330688135
94266854
265091849
438450382
282340086
584372855
656471588
142009601
673407352
119538778
291850562
475879877
857987439
29817963
312485631
615096480
575727347
512313213
729250156
798749613
1802802822
1957320842
766733876
354081552
938001951
533702118
643360249
402270773
660898092
846909738
1718865295
132563725
404685607
2029033534
2136347717
334908715
342919834
868130053
124937194
924704264
366710029
151184412
250326749
907400779
2090328687
612109710
1058033951
1051779049
1870954213
1269780727
1432557557
1737567131
895759927
1773896811
1378996792
983632552
1517883145
711047005
817198130
1442634446
741631954
704670940
812725455
608493871
244201445
100710771
719064825
1639568464
353710185
591358656
1182153341
638609164
768221734
758268367
514696572
1269166880
55768253
8448004
1739187868
784997445
404813533
557413094
230162562
1310496634
420943608
1542330787
1566657001
1370202629
1955375201
1946612213
199893202
2086221220
2075094472
135631781
174087555
1609011562
826789268
1824665348
781778697
588581177
1394993944
1602151056
1680285365
1928795221
1583282794
971214479
1659475846
77532913
534550226
711436463
1629690091
1110166458
223364153
2007878938
1434427693
1905690953
500349820
1476728014
1378403612
1461211693
2133043897
1283608726
887964823
1006175500
50796590
791596858
1045065530
292476134
1266294090
1079570088
1532615210
890205765
1358636299
57211695
544457681
92509182
1776289683
1533713054
1289267384
66451111
5196631
1439222620
208516865
1040425395
643249116
1045238274
1914149596
1215730507
1893568139
17848080
1292101843
648940678
1288898612
981545283
1063655291
345733842
1986591291
892756695
1011480132
444779764
248859770
656640524
1887643768
223015602
1487427331
1398097586
615438630
578383934
721636746
1987991262
296435286
371044168
591393437
1433056178
1562386584
273760964
157014928
201497824
844986629
1335333428
1168079943
41401258
1946947540
2041870438
572647256
1372172784
1619852116
1876852097
1305575678
872542334
812261993
1083261295
598802582
1460971120
1637937182
744283722
582848590
1111679604
1826710345
831119405
1665093563
1572061229
550625170
294215930
2017988663
895741981
1474901497
2059845985
2109703516
1134241920
573276423
1410249518
356995116
2042810703
1574531036
2045236221
2022151698
684867340
177223186
1050454933
635009674
934271914
1336793666
1007500836
661636743
242482354
412295500
1445932276
1477579199
852523322
1130588764
1573426585
1502985249
501600451
1581901400
896682926
425489539
586603250
1025544242
1214256746
2072096163
1946419079
1743753293
1688287782
1819017051
1021250540
252899210
1448165121
1796904573
1402175475
1156308909
2089222456
978204314
1733899979
1279385249
1884714337
1618772771
278182502
176375660
612588108
897418346
227824169
1807650379
1598725583
1673249624
356725734
1360912015
1731145515
577656580
1733881506
1736477912
24395782
1473905958
1293411660
438861339
1730329479
322139810
2116780935
1863997631
1230979237
1237210996
256840671
187232710
665310721
939855600
974827486
1479706134
694453736
720479871
23377715
446659985
332046226
1003265328
579996881
812670372
2107177280
1508813634
63552852
1194168903
245270202
1350390858
1359159219
1724658733
2020115176
245024161
1400488941
753013314
2025873548
782421685
1810304633
1114625955
1611290182
1588048770
97588960
277063200
1962598832
1292039626
191626100
709280548
946914073
1425811476
393045565
2140335852
1535833574
1550821444
2129571989
1267724702
1596883884
829788252
1678698069
175920120
504448736
505777063
1619222514
1463207567
1267446454
1217381459
795021932
1673356524
1645827462
1205066219
1178408102
905769643
389365855
186576807
199291318
1741201
1922424479
1579334413
675022643
882400897
1894221664
133269760
1217237633
7969043
744492925
464944990
1060796270
1700797080
208484578
1935737292
1192349694
80873511
1301907428
1286251179
293755159
1116986546
1292197476
1742388452
72646297
586550159
2006516280
1338137241
493122094
1043781403
1160008229
1392266698
667584206
965835669
148288622
1536873915
1904883789
1154537604
2021733546
106412413
953210554
1120699625
1938831242
2058552273
1265222939
165586428
122897360
200087702
166705666
186460688
117921560
172887484
278906938
739382169
898782148
293358691
248336456
964336830
1077583188
1861784123
297858393
320683387
319054770
39928947
559218140
130837046
506409407
1782176767
788071402
283243099
1360391656
1490418472
1403544113
682255633
816943741
2055342746
1841754756
1165435368
2026285687
1693717613
1255856631
1850857863
1874091140
1281312476
1865823658
893253049
703520403
1911606803
138923490
762898654
300824245
1062972108
1161753659
935812424
710162159
212295092
478890086
20704458
1132199527
1068496904
738764536
623148360
2068254316
616741967
1975457653
999642019
558530999
1110274622
588888220
358377632
1148513521
1037386251
1078374168
1157613278
434561096
1888166888
1732045238
1803086148
910907261
1712262198
36680043
448833035
123478078
526748323
971439232
2044187613
1967938601
1070010992
368705713
127170131
34589131
271457538
242956861
1572973519
1859691914
2061041966
2076064349
1651078166
1204091983
444016111
426192003
1044725947
1777836391
454895157
877464741
690391087
187244663
89826034
622668569
442024627
819173050
1515952786
1990213582
1312697301
1736193601
1479855363
981193188
1096228277
2052225555
2077645051
1711268446
330196287
358559489
231397912
1216463379
1225241915
1338542351
1577519698
1941426885
1964263269
716988887
99451569
786750738
1731326585
405548122
236325324
204707254
479925581
67427262
269031201
1183601447
1610940134
1567545981
1724588215
1734564083
2060153621
1174340882
179693040
129724160
770905064
656926246
1363759346
1593888708
1464070019
2009020120
1924891582
1041722920
153458142
16904467
775741940
174106453
276394054
1441449722
1035344627
1111007645
1137737645
446257489
861110094
1532654709
643094431
105332660
945637765
162733612
1666984533
1983847879
1686158382
801155980
1323152929
1049892790
1656240512
1403942997
340264621
924779372
950805039
711761047
44226754
1606611291
792680423
346455662
1207005137
1642085889
1086979906
1021889376
1402806108
555511733
716326744
1670609866
680327362
73044275
1104548448
826158309
612286286
2032443288
835958640
593090458
967876062
564213292
1661770407
1765340500
1417665288
721510552
1137743118
446886736
1641655898
2013043372
127030618
1843655939
2059105796
1608916747
1804230683
1429133646
1448247098
455464602
1036253621
767108246
736586651
1166262806
161632978
962816870
523975732
1086937256
959366653
2018222928
1889559709
37475086
285427319
2114088347
2114517864
1497637887
411353194
1454295504
1055647714
817369032
1538476036
1707337905
1591327502
104050294
1610146280
257904179
1437233616
760427
109968186
292120956
1664671
350735356
264489412
45467493
110885391
21755711
25846607
298501966
952696630
264955083
1020122613
443339167
433344976
25739073
36994294
147410042
86395067
245280201
125671665
180501443
169525730
10049286
642283250
1611298963
1928802532
1221488533
93883617
1070804815
1201771433
55203659
442007271
282846636
664836528
611360286
570787855
239441381
368422766
422112822
50579962
298234788
143757639
582700895
717060673
224303993
136776213
123336228
153231049
115696672
9190832
99149364
86118113
206137199
209779352
37147861
248087300
361531100
35732929
149066838
299226208
233626555
236203708
52489528
80914100
231408951
203483801
80706938
25611300
1227513
91300623
146465998
123475166
473211049
582824783
268465251
181223265
99881948
193458800
484294033
350267048
278380120
346646326
114510497
132835860
398166858
646405661
128223284
40565022
187787161
288091228
927617011
794886467
248676107
278289364
538458619
275352548
396698147
358280680
1024569556
1005307123
270217603
562040793
1284188600
976904033
221730715
740516471
906224123
1459641994
1313937528
348173383
117181566
484486415
1581931616
1841575467
585426492
1156079323
1243007081
816397456
1854893151
1256899537
1511984511
1144978566
1186449662
1503381127
1953820848
622484869
1045498003
1614461449
935121309
784215094
1200352665
83842269
1525734627
1290456346
709150204
739837308
351873845
335171299
128605846
127155917
184508600
1211032032
1404599368
535289903
551443294
87509484
278460398
631812974
165641565
19206938
323788870
261108190
18515796
325237182
71743221
1066559812
1905762051
1220779771
382627546
35686376
1188816549
1282780255
709484475
790890038
763365714
900052954
384752809
23616827
883469625
1099136425
664433428
481691542
722764452
1073001448
440156435
228528042
604523632
202840316
84702846
115431614
412993491
562187123
29003405
456049282
107740847
13248117
330690083
350629491
173098958
590589323
966998705
1401001577
1446824706
619501195
535444030
723234799
380964487
169840056
273698904
21816372
16122297
70478291
273359244
385369650
302352676
434708798
305881778
75644992
508216391
1852862506
1613082806
737273694
299336601
123970971
62274262
155865050
85873705
543418401
826737742
552980818
636919405
409161056
411192326
553764945
138071002
766633438
1098501012
1901242200
2089169313
1058276344
99265992
1257898929
2113800003
1648648373
1763147038
1826686910
811717595
761299362
320231923
1927865137
806328185
337384884
516928821
1741498652
108923042
325170259
2028139737
393307185
304398704
548530462
1977015901
572860033
1707721405
1949567675
141907827
1336356726
1877797276
1814336234
1424688415
725218549
216661389
2034467355
721765252
851626190
1223783345
838118385
36823228
1044247399
915510670
589820795
289258154
672558125
1527142136
1894126541
351888158
10309220
217516844
424835684
856520428
621784353
644448978
814254445
1055132580
119162780
79563610
1594658877
1558855286
1612541068
1119504182
425305167
194502871
1663963093
1580626717
746029570
460812183
1598078264
1118508340
1228326188
906471842
2082472706
1177434413
102263237
756004337
471957543
106845533
1479944907
1678252085
1249893174
1930315073
410132949
1764145826
18768887
1115883450
2091792713
1328241483
1168539137
440645354
1618903002
18031051
1137083208
899322111
619336801
1388216104
1003710319
1843423534
1066671104
79279608
1865134447
1753795008
1309537708
123889855
2030177102
938150874
1232513777
387026583
646196540
1342865685
1981340530
1965150019
1964773500
2074656937
650673836
1258676211
1767349101
1621618603
1924475486
1475774866
1558696871
460255194
782952193
1693350101
1558026369
1977759179
1848789926
1538490920
1812290154
1341531146
663825968
294946132
872556397
1328769813
1009558259
1107794105
906949695
913297394
647914586
146717282
59625058
857594964
1784634887
1468704980
959920969
1334767481
737019640
350880161
1371964619
1558326564
1763030485
1321083312
101921112
1915089968
1441127746
2083723905
1591248841
988362557
2100246055
1121119308
97598460
381596632
776551396
277685023
339829125
162337166
250016922
851971019
1312870724
1318590457
720420151
87094966
213743395
668546991
299908455
1660061897
2135853163
868364968
2007735693
1635705817
1696484765
1390175
590061689
925976037
2060846537
510720915
252098196
176074347
1245590976
1066682618
579309756
1119085145
893973807
943449026
1018987147
848457775
250211450
783363275
1329897208
1020156428
127948965
841498616
498956732
895275493
1351328838
970365234
1185864075
2119091491
1731412863
544711883
1656323336
2045201776
911601402
806743146
178479302
360383379
694893036
1135631480
1907439058
1829263203
797882172
2085291771
1621925865
1869172130
1132912933
544846174
574299421
1005425346
49654522
1571941772
115542301
1038503338
1650539903
836820450
1955314699
8223762
360428816
424796558
291891972
321713383
361271359
300052640
924885557
965913865
955911369
1959311977
438709631
764685228
1474981737
1332956468
320186164
257969992
137114934
641528674
305543268
71729836
214159867
411153672
446613749
437956667
299819637
133467737
86753938
456763185
43327864
297145000
41474175
132274843
181668582
288742949
236577355
1150366385
956523001
1560817405
1724238200
883313677
1139050087
1382480166
1078336512
967347778
672665715
188974727
57724041
568913829
411956393
204711118
15978522
70504182
619067389
714467809
202951117
651384589
962388511
1340225798
1466780542
458678279
309833448
283330757
188181825
137784442
219329289
102725824
421281309
18224584
312183906
461843545
116043866
93562349
154750809
65108348
229779188
51043344
236678767
215103152
87525796
328337696
92365704
88960451
153174361
93375409
317993917
1876252535
1997643690
231494078
338350759
282801966
736443577
857446053
629781058
971872542
1019353650
858927379
676319420
610167359
304556406
222789009
66992245
124151808
44995408
799252104
1042386255
111150018
6051678
586814564
574289801
32153979
25543717
209833395
343391749
1080969606
758961744
572483071
641011679
152223757
489157187
519847658
14949337
128865558
435069489
210800401
202935031
162090996
217458498
557375903
683265476
186142944
352641343
579511828
249428197
446224385
410327492
1810375937
1764207196
758358493
895701954
318679295
259369025
359184804
307322793
566672531
803965139
415755437
44865122
6287094
161551135
109221000
145999693
43103208
319570843
377202131
285838383
425348414
345441639
46187451
422419846
546378085
337640421
211660249
195964884
335684732
599766377
46959114
672630044
498769117
460881486
450324917
3621852
166564381
180007691
214889284
147257423
136276289
91049791
227072287
204417324
187236246
276184367
309638437
77765955
4623618
105117986
1995128638
2036013215
674753257
710746285
383692926
265222304
343286150
190090658
106592412
170418335
48816159
99268295
446093550
80642894
1392888122
1895211642
495821070
1614711098
985361814
1997405646
2126427355
1362790553
1375078428
43956284
1208929681
868649813
468778275
2003216131
1793955146
1832575298
1060967866
75603569
307504987
65919727
203482913
631919431
712375012
549500604
535270683
810315618
1236809158
1053312734
709487881
1419011242
1937765890
1237082657
359812118
1959278786
515806539
247336202
1877792951
1340718603
1733297901
1951186768
737374147
1272164270
947354556
1098631134
1143669197
793586283
2078309888
265712490
445719619
52372420
1311646302
861878231
994351533
16678976
114520224
618274651
262519597
180495287
626473352
210523113
8458699
445960178
111715251
159569215
180224295
237224999
307493207
326965132
397927121
252557352
426663215
205527367
207013505
552706147
150227355
374115694
155858775
274101184
262738578
201282615
585743376
142266735
114702446
616446273
356243377
132458801
422385817
574711070
178835878
38391042
420639470
138341024
165244845
319680652
82754834
642343412
312617493
33972422
359305567
28030201
325671896
1009734767
885510453
621360106
438245879
214121284
408039502
546455567
290393716
19605228
452060164
234143283
361462240
290230455
59117706
520340165
229810310
88235394
348385197
24644707
449438706
84647275
56202644
145499166
10158270
451529078
24785887
350347425
100577405
14892043
161534629
16995498
1815589376
1277776610
1066047415
1167057488
600305272
452714923
555081967
69386866
541632622
357837595
815117723
656197372
380501276
205867557
599938454
341957774
277470808
304426985
594588505
243584738
737597944
920304916
369861112
1258312268
1113536466
607058900
595054648
1283500598
1798719583
1765444148
1843892085
494923031
1475688367
1924474903
1431313089
1490888103
1302270317
212206193
285983693
173204610
449299513
890551384
487938395
1794883260
1636103149
1843364698
1376431258
453188136
402182617
188195939
89462526
353130603
965198394
969589601
351137552
1044301610
1278688166
287883909
463742000
181004827
139682389
358127834
1492685480
1625543055
294865144
897059811
973662908
385284354
1256025345
266676478
1115638085
1547596195
914018314
408225733
611130747
154094483
444200002
1120296551
615620683
247753769
11488214
345457685
1331136109
864613598
1077452625
1387884945
1367722005
2056168920
1656984483
1426322880
39032577
688315073
226544857
379927620
918458210
1521608130
1302352776
1509638582
1437395884
1458553749
350126791
1298961802
1449768523
1209972124
42110974
1642842698
2020698057
1064302067
1198926703
1510657552
497738379
693189387
67970826
635210330
332543909
1025114629
935836857
177593462
608566813
1196572032
511812778
472642742
496529457
225760854
318670632
165275414
216211938
510318072
746770913
299331069
2098817739
1504277652
1056439084
207248711
609876944
587144598
28364823
971945882
1164519923
197497045
343803043
166543641
625115330
1853876653
1514954585
1609854293
332919768
1233264276
1681172010
1904018547
1056969745
1483532808
126414704
354634294
108498443
834530935
623245762
242387034
683062823
402426123
1213476313
1776513279
839227749
98026926
116622391
1658486686
1884154111
465094815
513947381
1396886038
1251182687
35115988
503590627
811884120
579011174
509752831
382504214
372486263
498482552
217350541
576008273
307954609
207584383
487750494
559756556
683983643
520879444
195899555
387164010
38940172
31807417
248925484
264819213
168482898
166374204
88968119
370699470
7972063
320657701
311626031
953326147
596839209
238141755
1179645039
814224436
399327444
909331839
4446802
908211196
246067429
287517252
531568714
516789808
18094603
1027246073
1143793391
358644133
175197559
398992317
606487618
258196247
276186593
958639786
780635326
729429346
219793913
568223071
64306133
15339509
253127402
545727351
435456698
43972603
86710566
1123757852
1861379304
924733640
692209152
944121805
832345200
1084252681
798270438
278031092
702622484
348191502
549036229
833713730
417642161
433857682
878290782
609313468
55493414
104354266
79747960
27341338
897491000
880126413
53264686
292814843
435459265
205586839
242459969
120344831
560394426
111577709
153061259
403168800
289126196
59866897
182272836
63603085
123612486
354062689
234954681
258297331
149105483
311897179
50779883
749141360
388370670
351138910
1260580918
607176379
164561563
21459941
228719998
816252803
1292087144
566557579
443240446
708344948
33315449
65920367
282010981
26501199
225087448
350651499
593386344
345107822
701460902
240472938
1889542636
1974282118
1776608324
1879425795
1278795417
485854743
473277942
828628738
1512791402
1594603697
1820420037
1018145541
1075630306
985964326
129135784
2070144662
1423004395
1546667383
1752023315
1549803305
523887742
252442964
297625595
340819719
686817923
1725806491
915543703
1735984225
1093121272
772480638
1853028492
1792041343
1256327212
865362710
717079830
185650895
1170088845
1579876916
312635962
283969907
654172614
147123778
383963216
1391429665
298837728
1095657259
821825681
290497875
471907565
791661670
104422312
362954425
1226742642
1023694944
854549129
1048808598
1068602317
392208043
713603987
592379651
555496424
164642243
283780944
578090145
1027596690
1227432749
1657235379
1322278289
1680776527
1080963262
1952180718
1559780993
148928100
356169452
359951392
222770949
735739151
432392653
858866089
1169965133
1384216675
1883524009
1459081062
799470563
829495751
2142695250
1150354735
750032403
60771686
237034948
862525643
373275271
940409067
1194985664
1413086319
1175995483
1623859734
586747154
1116361081
938423182
1212800894
1667152284
1343217508
595744705
1784263888
1861751135
461545841
734201150
13411668
316120958
702207916
367241880
933144382
402346807
67303050
365656054
279780188
386343251
269915553
200587717
964821729
594062304
314795376
521419922
589250277
472503401
180556127
557590892
257096683
977953486
783846469
1648955637
1738103462
45996344
660338656
6795471
470526326
150742823
401468337
701134013
979800799
896340581
1012301453
483966612
1232384544
1055605326
30304116
1759896598
1056625552
921495003
1539467842
2062865455
1551031221
166489854
1642432756
61059966
2029809829
1729975739
1143518564
1605749073
1957481196
1875196315
1853256737
1093103890
1112113075
1018069299
978084922
1914810010
1643108674
1651329738
1799784197
1892168320
619235896
1621978164
1979219776
1276602219
428790773
829623377
1568886226
1493839634
1128292242
1510075099
297030680
1469313997
309490869
901650695
991597853
1197700401
1315224631
1122338852
558212049
1037634625
997592626
1218057773
1633600174
637253728
999644163
947590420
494321015
707411510
451364393
492464394
1816804762
687065238
1039134056
1470623484
1240087116
1323887885
1320896899
780931802
1874443836
55189164
121179181
116813213
785936514
1236657492
415072551
710292864
658454463
1687086857
1814200686
902953181
1542446459
41630157
483574559
25819070
1597786862
245296568
465889432
1719121510
229469937
254373206
75310182
812392197
77246995
1541542579
276200479
1828986803
1859970729
558125720
249755664
1255543023
223008761
1052865770
131420888
569743923
296163626
629977254
1499430645
153771242
319238638
1889753649
1614837876
266699836
490990760
1051297814
531933565
705903187
61889187
1098271805
1388207798
743952962
293285775
281068732
721778656
111953694
1691106816
1800527806
299985960
534466894
372958273
616316201
119444145
36602724
775095426
292412860
218527797
576613112
1925153931
1429885374
130835935
1551393092
1418812928
495059053
1492768850
1105944352
35717074
437765172
2039557074
2059976542
37562964
1626159527
795014366
134410737
77569920
1490645952
1721090590
246312058
1882981007
673165016
603945720
1950250928
341860558
1215009005
1643690268
534539460
498254539
997510114
905998048
917382737
679376182
802113050
936124645
1085431255
477050923
945314077
455223856
1185277583
439068523
969111429
1048007446
436358457
411090255
456608101
250834698
1280726451
1579999307
938567918
850995682
788321013
711118713
97586322
647802609
635441764
699258379
358706608
673202886
278535864
224582771
486203655
464722133
1128252491
1483082197
2098966200
1936363836
870296219
156105997
950922073
1165412617
256901717
289364725
374717938
580597019
330065312
601900250
230786244
484928501
118331025
141619918
171386488
617029834
530763675
227266257
321906802
188125716
274624100
321139470
507143279
1258026306
1394389211
57135358
443251303
574655650
999139072
462937830
517725481
344589897
176078037
632506585
1194768546
182169114
505861544
29839180
373633250
277921418
508849142
54083862
1787856141
1192102884
397023761
825489078
1637097766
1515863922
1586252798
949122020
36778016
203473980
1105060220
347118319
1074460352
16676327
55031918
886420776
607319021
85521060
759969935
715552037
57887595
279760083
443518695
283287203
184778561
458661275
320390508
136339838
258205718
1037273277
1555994535
679667778
1392780388
489152921
211068661
924429474
1018776864
501743917
696485529
1133126924
276349630
495201468
677429045
16836327
815899552
322987600
232389889
197473387
1800408260
2097798026
28873179
114886113
1511527541
769392874
191703429
543069340
568648230
130939239
1066526355
2060043510
411958458
51611290
342004493
534139466
633142161
92161172
560220184
1298573570
286914882
46299333
526798456
433709275
62652960
346278283
342510368
1148898202
940901210
226584056
239726709
1685767432
1692721670
1815462402
1975331442
448349336
811258
217929826
28657920
536288141
837316966
1512799632
1420246377
1994437888
186343511
231163869
396836083
1086100575
1609360447
908731807
974005950
1249080002
295174589
208303815
702281048
84017486
938867281
656316582
1478323332
2053077898
1517511042
1598632923
1415637792
1966320606
2095550091
1798557896
535342859
150105169
1165897541
625480835
905754008
1486947235
550355284
389999789
1200430258
822821179
249504054
659526441
313458983
174271443
147617753
1420303460
775314902
838694938
270716349
356394482
98751045
146214000
1296715140
1496132207
412884252
28369128
499838525
312716196
686777419
97683061
69402800
233377261
1269924552
819966861
97492901
392945425
67367489
1633641633
1474030303
181239445
219465287
868201120
366455924
414454508
1048365753
1624573987
1442126880
2114454232
2114859310
586092870
198644154
1417313651
1518205418
50270894
988039460
1635882264
923232079
576100126
570981274
2877743
294211599
50946556
1493824248
1768944266
1947743397
1399790516
1874316337
1287422442
2035001044
1146687219
728940966
1128299030
739116869
34859926
1332280519
1285554646
498948620
578194574
307716423
170157753
49268719
660325835
1401054968
903897565
270934688
150035629
263358878
551200228
1287469774
670356608
612590086
1048859720
784154453
1488367
264145161
1231039370
650701538
139477554
86522466
202581441
576820112
200721435
661145077
88463064
100603562
453267846
587748844
39104737
990626835
159265305
29117517
926025927
2028594723
1410171585
809535895
570672545
601640718
1240325519
329349915
601284922
559828180
704548309
1115960064
1482225015
595992952
535788853
549630880
279346575
286398288
608141431
1017229710
608768151
35442332
344284798
742308939
796451058
78510884
120249507
111307002
1032034995
1049769118
301637088
218326583
627250341
564947924
83893759
896189808
1126469989
454625547
714874521
1000660170
408304068
48722373
166275666
380916975
1036043062
642980652
654282344
639809280
377193831
479088177
287674227
1232796589
542852710
144869727
139281867
622259757
689225197
1198247754
1301468565
643785352
2106374343
1196186350
868755232
177223759
389656461
42495548
212471899
621314889
176799858
709004414
275274130
603713180
178003255
596403618
1261161681
1929550626
1007698313
678150656
528891836
236286216
993452
243916394
969202464
894801503
235369430
791094434
947074369
376294804
607169307
572181177
2125178218
166851130
1288785223
1516576552
1382110640
1064065561
715519602
1705852034
367609250
1956371299
476443863
804465795
1493448814
163654879
1279428788
496764087
435442002
1861411387
1267038961
853633294
37788518
1202031339
1950102511
252335822
596529444
362303642
634639224
559407762
305859010
296787706
132500944
387671960
312233388
464761720
529828645
1003870388
346521039
512586536
1008606753
378095994
617740158
334581061
766773063
577784629
18154878
634144859
539712948
663120252
476861630
525326315
420287988
390811306
1186054468
798808943
181964571
2028430467
1864689361
1306541364
1142444997
1180129306
1855810829
1650890685
919968106
377016276
256206478
878986206
1197987523
454730037
1179395727
1244178537
389547071
2094099699
1470940633
1513487580
824990384
1943498454
1937497406
127744549
41301269
1075572071
104464847
819810154
1002576898
1691957645
2038909797
1700185614
1238409665
1183626644
1096929394
358137017
1497899177
1019806342
228420732
1873664262
784067152
213784284
1444908102
1170196370
279485635
85102740
1714450831
1116508105
1844252349
2098206950
1304182517
957259725
1187884651
1449769741
1043216070
331154230
493760201
238571604
130182496
720541189
423546694
1752715778
1407802069
577345116
1059586720
511574518
807624695
355030328
1430275258
1387770801
1396264717
1054486248
803466773
520328776
733683285
848600540
1322844797
666559488
1382975942
1172797871
1385430008
1549270922
253019191
436619208
1801700452
1038908458
1807385239
455840544
508673475
1599929645
1781564932
2139401334
268441949
944529332
1318764883
822722329
132804415
30530199
792102947
1007482990
1739207819
1967712840
956208446
229455838
1482457565
240291542
894999663
1716699328
114695949
671111191
46402554
7925102
363563252
199020443
481556102
317242162
275424703
478873192
132576173
605676250
152487158
16584802
518669702
225334174
542623319
172820109
149356901
564391247
460884312
631205754
155591255
80707569
390218387
265286975
483807283
115848689
489046690
307599225
2048222655
682565509
2116978944
251896349
1410240839
754758563
1749110536
1058645026
1013941905
1911858840
91041037
357207783
481210396
825338613
1814537226
1882056109
867640510
441145884
106790765
641227111
792276743
2023474140
1461506143
41543666
1447616500
1954764822
1413385947
218112905
1711256125
723243833
310363022
6411148
1028989339
1671574262
344969096
913376679
473285935
344816704
1974574285
984865788
338074527
1781957874
170109136
2061323480
1817897927
288313479
1153936241
940410351
1798347366
746114271
952910876
684643747
1019252570
116011896
310493854
1597099495
122557444
520884775
2107318502
1914709432
248103085
606555643
23322743
626576164
123728735
1538053737
1176095909
255182854
646038659
1318100913
1062232689
1157618802
1058728779
607401795
1593960420
1959487365
1569815756
766874053
1952312288
298335469
820051432
1169217191
1206588814
1089772353
468687961
968617777
983641838
706166339
1584501508
1779855197
1669777844
1487422849
1261699091
737810319
297220515
22194949
1570097885
1903517050
1473727314
1893601841
2125947012
1301380674
2129598420
1893030838
1938620872
1995554015
1406845238
1194975343
1101108385
1985285636
1677074829
485033820
609607269
597493111
559721890
531164591
1669748965
2064531494
2115639135
267566738
6973023
780097163
1152741932
1849614629
1862554501
1521824994
696211183
843822837
708942443
1812570477
1906577322
1939881299
1862628988
1179471348
1114389563
1921812782
1374285623
521103364
1223893331
699602554
256004595
215295315
485629477
775768935
128626718
439631509
930530160
1069084731
25031464
1881527367
1458894502
784469197
1890500236
1985390832
898927915
131931941
168269904
126977267
246383929
968246872
1331986003
744401419
945357519
946632367
1802876769
1714855383
506140068
1668675152
1379105590
241876738
345388291
489285022
139404717
392252974
2090954582
1493606626
1012865220
792274276
738912989
1248397157
1680485885
1907450379
714553861
639825074
1874814611
398784178
763095449
1583362040
1835164318
539660069
1083143581
882416873
264655293
642936546
223311265
416005428
1430868314
465353174
66183989
1609980333
1047526117
1896978249
1911412952
1800638098
192658037
958863125
298199193
955045917
1391713406
998308950
973335658
156083538
91083126
647564455
826588540
1067309190
2024851441
2114635585
1499735550
1443744786
2093064712
993598805
815541820
170935070
10483502
1146451830
823850068
76974692
142173438
488976473
48834457
193514162
504978901
121332246
447376148
207493240
207679892
272634966
56250762
426035201
115885914
308643650
417572949
165466070
284945848
341119843
227390491
314544508
51775635
338241176
6036433
377285213
916924643
18920703
465739977
386576759
240217498
466046969
27237873
496652066
56402013
343369409
389037405
154437650
405930317
182526583
231789132
314242863
30742194
376332139
212121533
245567286
398845221
69263842
477950255
215775786
232168320
352190588
10001409
361704376
241044622
285299214
393892269
138932032
338830488
215446913
230959291
387868415
90730902
375339361
167797281
314829054
440810011
1168135
583854888
215381877
202399423
464497553
6584439
482130641
239571939
322005610
580158735
104187547
546254559
89780994
176324266
371056292
51558464
555998642
50308068
351794315
376691332
56068355
299449002
255487765
87733496
475861276
48315807
392113135
109132720
205912606
496101568
41746497
503235247
264118430
213620445
416339314
91214390
520240915
235931019
352363390
437135790
126952648
401681129
105549737
163648815
338219349
8318315
436117054
188800501
281441203
507582425
10797472
450502577
247529949
170718532
485855556
135025537
460806866
43522493
452098806
252518173
37661289
575698052
73190856
198828263
361337174
15725076
466526728
112156136
266230174
397503263
1314013
459620246
270815151
213457347
394002390
65294605
199113776
1145684679
982026904
768947136
129149450
594805503
61030198
333848386
119993877
34117620
618933728
51823372
442777142
351136468
157206393
613593468
159107620
271012828
53079447
40643329
617930450
176703024
368989192
260596366
58772199
511159822
52193952
201613499
102297590
90260797
433135534
145203624
448203959
454318841
162316477
564725473
44123715
174142311
176258328
72596386
760665634
161521564
603505372
144455685
105050088
419417534
48636237
147602772
177127392
31900391
574668141
89294998
333873929
744173245
216191290
858091262
159365531
307280071
180175653
25671563
715967139
43318150
491874009
502708743
308365443
687819003
221311798
277301474
314545810
128330563
663675286
67645688
480660171
437677122
188042122
722481542
146841667
348536210
33886668
72648610
543095604
35825727
319385990
387188216
4910125
633434743
16264056
341840430
260664823
149679091
741027630
146952265
447467832
308967345
4644876
649853937
231342482
164208099
117122485
3292286
585456068
49708218
1431272482
371367964
350003409
455467109
133080796
211453193
55179682
56846683
803256375
227589943
423355444
695806355
169923175
836284980
97286402
353847869
95780451
115265188
500361380
129644848
399606800
233928810
121691186
404752604
117563856
221528853
1456999568
1294050260
2136596091
871903773
742283219
1202217983
2042413061
1297301064
1786413445
971153422
167273271
17626249
325120762
307053674
34928463
66507509
35703542
157505047
61221325
124417002
52786453
20748480
207784675
104197666
378160477
218521527
104165610
103522141
30076632
135109332
48782816
27095512
378330689
400396142
69755340
176551879
208444478
169645603
90806327
108258068
24816948
6460263
175914705
70106538
157862961
88161481
51338701
140548956
12595396
180534643
132533859
162422612
233291850
95019284
116525859
99719134
69815479
501142041
345624352
131779752
59954445
110510867
219884528
213259099
85861116
65423258
82517529
136198366
12190490
150151354
19513500
44079365
188633645
105616383
341480477
626647619
301249862
4042385
99254440
17045543
35103262
241457116
31275190
38356015
286047366
105637300
119957897
183438706
13766429
102344330
424508405
635121855
161695319
68765267
200274408
63051770
121213894
175223873
22229952
148481852
168663016
227656237
131258251
88684207
108484697
121214937
128152500
224008435
140110185
90356007
67178380
136346622
153325601
65663083
171032632
19605316
35640084
83555861
47512406
168359566
112625930
136125364
288364317
58144592
239145537
26846068
127023138
186503058
68971995
239364296
45826694
200542364
164470309
95802253
167546186
17132966
61019123
598189410
429494779
38104542
137809435
178811148
153305489
45908554
123986946
34452274
41651144
116972297
56667647
192848670
586093409
459891796
100304038
16268854
148998159
92586640
84732970
160477549
13118905
242586604
35159093
140168263
153088820
55390347
128233841
87844032
114288431
111684563
79234266
172119573
51979713
121464644
147078988
75435449
77581767
211349485
214900622
77716055
27574655
81882897
865903379
821471809
179994646
42428008
125349416
56474872
112415750
69802837
44584367
117946501
55147435
96537885
19306825
7707726
102758388
71975171
121829586
111171958
39296298
110498420
2065467
5800081
125911430
44389677
127415128
153602574
197594829
152084520
95062613
113413493
52159659
135568306
20142708
56063540
149548172
44809611
126193913
18557443
40822850
100301752
23249257
47845132
73020477
33729255
58149783
15414185
83517213
27756994
7984401
68838759
6458266
22474350
119980533
87391485
69483153
30773634
64575672
35702371
40798870
144843740
61044137
67851098
64717549
50121027
75985055
14705296
72630471
24892691
13173978
163910444
102980002
787344
50083337
13414618
106171010
21944774
93041568
5043066
28071391
44356203
8268704
31751745
34096548
539442
34789899
49274117
96939092
19030026
992136
88849335
53631093
280346281
76065932
36363088
115208608
35171281
82514479
17354357
14149377
91504155
27735335
338737995
194480532
36879029
113358167
29133248
92086669
18943823
21375366
89952998
21878492
42975898
34759492
51048593
58265454
25512908
53082364
49029862
30693030
135696490
61579556
42499739
18856259
12713273
117884324
69929247
48887701
3879889
4099687
92556948
43575901
68440490
30119216
15931759
145321525
15979736
91743026
18332085
11989596
97711229
4253272
52537985
70509605
16691324
188535391
49158825
126577049
91168279
1939621
182663764
35677960
107743448
377742773
151881709
154078295
26746971
274149946
22235398
49684769
298550435
240165223
41950554
197645633
124316258
1042104555
1872784173
1433385860
1194403960
1381770004
1220779221
1483145660
2001676024
617449165
1471607316
1243683975
669229816
951159723
724971489
733063776
2085888719
1341855740
915188274
1892604193
313904278
1927543749
2042465035
489050753
1538778899
1580909562
1565491988
757129162
1493605671
1988286843
1419908489
868828966
513958913
1420079106
1243894708
1241735640
1218894918
1501925616
2030471129
1199948899
1558499
65253683
947495711
1516167886
498702579
702792423
522458177
188711053
933148072
1752885845
2141662706
241789101
1273156161
1229740390
1810962943
2097358932
2073324008
660412301
225350885
689790934
9151827
823163085
1189069225
1133327569
127482835
1430999398
1401026237
1168543272
1377552232
102103730
250797927
1202881583
1760417424
2070091001
1454104559
1738106586
1254341367
436996395
211609981
988836208
1273714243
33928486
312840453
1656133757
1673570167
1874997018
582529746
279839534
64127995
250612477
398091690
798353795
1492763789
965902957
726661258
907645714
145700408
767715519
435888548
361302913
489314987
701405597
1091463330
443556210
736273087
94782161
846193021
754483267
393972380
37210822
882900106
1592202432
1268826325
871256900
1829686045
355630003
387011248
2134123149
1996063003
18112388
738369253
2140813202
876394140
369981079
1657318134
2101292686
275057857
1444246553
1481695412
941066569
986171688
674718399
354525299
620008405
1530460213
1996475621
1459692913
1467472881
1648869649
1377499126
320666134
1754513822
494292062
1683591090
887956454
1212473320
1080583597
2078009619
1860614294
1166592198
452199138
465696733
543904504
605468091
1843949085
1931251054
1472764527
523487740
1818817551
184375177
1442774913
1202222433
1786126338
1078429780
969086304
1751677857
1513636088
1829863
1138445372
1994851487
875460000
1962279235
948115360
1064579534
1255690362
924160819
237825173
535467424
1856048165
556308028
1589158971
1764891795
1655962004
623515846
1874277498
549051965
1352054888
1953045373
1096056441
1899610725
1682248030
1205595015
1476423544
606172730
783682076
962766288
1934490305
936321337
748310706
1144373763
1712188340
1047616722
1016121558
1678697338
913814120
1352486239
1733425315
185236752
410117558
1887640936
1017886321
1390772594
487913698
663427199
2034800535
13204872
1879967113
548524093
143647667
1764129081
1902681190
811089503
2098463764
1195063111
562780489
255019988
2072517934
65359234
967548464
810128290
869235061
40177027
1544839309
963954976
1523311635
1327695774
1216332019
1791167870
1037580649
1324909167
632230290
1177265051
1637324337
1997429236
2016847257
537564022
1475832725
2044680666
949035086
290491752
849414849
1622818006
1488822185
1157691829
1308871755
1021599957
211074649
993545205
1035669648
781507699
673310355
1498546076
1392874556
325965002
791743269
102870557
1140544384
11072612
80256957
657294919
1304873097
472582713
1215336815
844606093
583106450
1481450466
1423541324
269015466
174056916
272325455
1681378126
1407732317
965001665
590654284
192095607
494274791
101121476
2040622225
1792100680
852794898
152831759
1872883064
211935116
685089344
1121894867
137643266
1542569866
287557710
502414641
210458698
724912755
392385078
477626864
398792706
797047190
229891264
204009466
326237935
538710900
612485049
1232004385
26225304
529920490
562692680
188003455
1022276491
609420926
739847726
1491709885
1888806441
875166963
222815472
660976473
879054262
195800334
1452776699
1381566999
532475341
528842897
503122389
1496667733
1190078764
2082280685
1438580942
743576915
1362061972
1236941689
853122084
249002280
351087058
915332322
678049762
221921826
492212949
1730133445
1735422615
226282494
1898855239
785009533
1598540736
732825178
1560125752
1610125568
1163001905
1928495740
1673295089
1696562893
2064917117
2009972786
986338379
1733299586
1538635879
294266026
1030390133
1805519025
1566971949
545197632
25719744
530332838
259977620
481790020
867747280
1231478888
427244680
600209086
243712678
259811730
1098764793
1181457859
283930352
1181520823
1016007984
99142639
1424331672
365793662
1567861732
1469286350
1295770732
841614504
219309242
499027217
968045738
1384981096
306989437
1029901698
354021391
53894629
159259245
1587019075
998717350
513135055
167778598
484034353
94003492
1165218914
866237366
494667862
916772230
1867051006
1815130952
965549312
353498578
1178536094
1549155585
1286241713
1915078227
1056639950
1421976460
1003869558
1321924156
1729919823
186034710
2054947642
2055820532
686216717
547283714
21949117
1724025417
1086826821
186767989
19566676
2113915835
1378957651
1536686131
863219420
569475652
1708414030
1987482020
264757243
1999411187
1590628555
1617970160
1820550210
1114135582
360703651
1537987915
2140232150
212470482
843262202
359746421
646094843
2016607739
1994043814
141580416
9993770
36064991
267629128
1488328318
1503708804
420938423
2087614716
344109149
371124090
1718631106
750236513
1487244552
1140611400
1533398150
1152795646
461481919
493876402
414278943
1320509788
1874210765
777828782
948092925
1783604307
1608463873
358622974
169350282
644818300
1174645309
830743721
20859980
1200966449
1195059108
1643359005
1078298967
110917338
905578581
41183815
1707192527
494610496
233203429
1287571482
913788806
345577561
158979244
813806680
728214418
660555757
58834018
1297569013
1315140248
1760527401
393531879
425405924
1443968965
784783287
2066381567
1100571272
1299367336
322456687
1975447957
1310213173
1208799259
582489292
2135434920
1617818995
842567191
951528654
742742320
2005780264
1017509074
1255565295
1646104439
349149040
254398575
649579255
1237471569
1668759384
1089774461
524019555
246799912
1345444158
1820148006
662393702
264148522
191231574
93873972
854857384
586059989
893058260
122196501
1516268148
1637761576
604830819
1449523390
524319373
287283860
53824784
1089239807
1761657434
1843868726
1115121358
1564444037
374046141
315353938
568622912
417274328
21300337
500115193
1724719888
1132253108
161769860
757453715
186846552
59746393
623976284
229733929
300195868
156361782
420088775
105536689
583611423
849875072
370006207
1038740093
1665746578
532283654
196476993
38380850
1013391687
1714483764
1005643995
540475790
1118528262
1780197273
873836771
1003245204
748444843
76896034
464568202
533658727
67793121
434458866
12300717
1446637
244130875
532114848
517112031
174811168
687768550
1033299440
755153950
1252566450
1103794886
425032069
300559026
631735293
998885634
118197999
481941617
691520261
261509080
560779283
300399124
1762236733
972730583
997550182
594336991
1284156954
165322493
1111028976
1001909759
1239268559
990507305
1581164009
1546950114
1362215786
832539209
977146407
1835150214
1241518684
250217190
577998532
449079458
417435835
27693415
422292750
202403100
485398818
627049240
3752355
324636322
114149653
164615610
1210231680
1422816044
852029694
975721410
743774395
2039962978
1285060663
449673229
903198739
205952122
1573355258
1924831579
455575109
255387602
160640864
436816375
181891377
79108302
405601519
528331319
241244166
1501084338
270942105
285707526
494986627
187859623
748650615
367324610
164109573
1418183457
1539852049
1137557819
1599056169
1184271533
71644326
545183508
673154208
320883015
341601455
741567295
1455587839
412597783
449333707
1577791878
1737721156
2146903435
1792108794
663047279
264611122
2076380148
1206360239
1356211279
974711069
567755894
1140286532
1824966262
1173683725
658567788
1038738407
1558320321
211043155
2120510889
851410132
1385277186
665889805
1481312326
2125530409
1548377648
2076080683
1553040156
1149353871
21232000
895177702
124857935
520344646
73465252
1515547265
854866034
894039555
130791538
672423898
620742559
454566846
104186622
939607717
396446174
1826722993
1073543363
518940756
1100578308
960724500
235483661
329331673
1163418749
208954320
409429242
374070244
300462406
23116596
426065450
684286665
31925567
196501328
362943143
166972497
32771679
869268546
300909924
316576473
25227325
65854549
811658298
450124405
484226862
1018879068
876842210
371326279
128584024
569391558
628060203
1196764867
364509929
382805443
448403888
599068853
761345822
543354362
473646574
30922142
327400225
205889903
811306449
706378190
1144080502
79551872
367416794
1017591658
1358083774
719143410
1854876380
1547081613
624670172
1038062973
818689441
532194937
459584755
1422860790
1140243500
362133149
539780361
802996065
234029435
832364188
878205445
1034602902
872540638
141708786
1180551649
1563677772
489670449
195715224
1636561901
21109290
1802426169
2107370995
1688326978
411655175
1264546782
1742228812
749224156
746948692
514561972
492103673
165549595
480377598
795076105
1408285515
757406927
1093788364
90842241
551336281
250132898
146415254
1078316265
523622380
228929379
948688028
988775326
466409973
177668252
439877290
978395382
1516599873
1278532355
1898272425
1879640701
1061719555
1285135932
1461539327
676676798
390736657
939971158
958160022
378013819
322706918
214831400
733216843
